10
100
a b a b a b a c e a d c c c e d c a d c e b b a c b b c d d e c d b e d b e a c b c d a e c e c c b a b c b e a a a e b a d a b a e d c c b e b b a e b a d b a a e c d c a b e c a c e e d b d e d e c 
20 25
58 86
33 35
12 82
10 49
3 5
34 59
38 85
46 60
25 34
13 80
12 16
74 99
27 91
36 54
3 84
1 22
46 48
6 58
16 92
30 69
84 94
12 66
17 33
76 77
10 21
13 38
45 83
8 42
63 95
37 70
7 30
6 11
43 67
43 75
6 76
64 73
27 41
20 62
9 12
15 100
49 52
3 10
7 14
11 13
67 81
69 96
33 63
46 51
8 65
11 32
70 78
68 93
46 57
3 74
3 24
45 87
39 79
1 3
18 72
40 55
12 50
4 15
13 46
36 43
16 28
89 97
14 88
1 61
26 36
1 2
1 18
29 64
5 8
41 53
12 90
13 37
85 98
3 4
25 45
8 23
5 6
34 39
29 71
14 17
19 89
5 20
23 29
5 19
16 31
51 56
28 44
36 47
20 26
25 27
25 68
22 40
4 7
8 9
1111
40
80
62
78
3
12
46
68
55
6
71
67
87
50
63
79
17
26
27
13
52
48
68
78
74
33
91
21
5
13
18
74
97
62
54
4
20
97
30
74
58
78
52
63
36
100
77
34
10
10
34
48
71
16
80
27
70
45
73
2
13
74
99
69
68
5
3
97
9
18
29
16
71
70
88
10
5
50
23
58
10
30
29
63
58
29
81
22
73
71
78
78
95
42
37
78
12
72
69
5
5
36
41
23
89
99
55
34
19
86
93
96
65
9
75
44
46
57
2
50
91
36
68
43
93
58
27
60
99
50
14
79
92
36
84
91
3
9
21
46
70
54
17
42
25
97
63
99
55
82
89
28
19
1
15
5
51
1
44
18
41
52
32
33
16
91
93
25
55
81
18
83
98
46
64
100
30
75
54
12
32
98
14
8
93
85
77
34
61
82
63
67
85
50
92
31
95
24
31
92
91
97
29
13
99
79
57
7
69
94
14
33
22
29
19
37
51
81
29
19
69
29
82
98
40
87
25
91
56
10
33
75
9
83
32
18
33
71
86
70
34
86
18
41
19
40
41
22
90
47
76
88
74
92
58
38
36
85
38
11
17
37
23
70
100
80
55
31
27
31
4
23
86
32
6
76
48
62
60
2
44
39
84
65
39
39
36
88
35
19
25
8
4
31
28
70
48
68
5
78
72
9
97
20
72
59
12
49
80
17
63
33
83
71
37
19
27
12
25
43
41
84
91
31
58
93
100
34
52
78
75
29
73
3
22
2
4
82
13
20
13
58
92
37
39
86
32
85
95
84
43
14
81
46
70
26
1
43
42
95
45
77
8
26
59
44
35
35
92
3
82
79
59
54
91
45
35
51
38
7
19
1
95
59
75
39
54
37
73
7
97
11
69
64
13
48
24
100
92
47
53
87
100
6
37
97
85
28
97
73
79
27
51
43
6
1
77
24
41
60
3
10
78
34
35
32
70
89
32
23
93
8
73
6
48
2
55
29
72
84
17
23
88
10
52
17
37
89
98
13
40
13
79
37
22
32
64
56
8
72
29
93
80
69
74
15
58
40
60
64
30
26
5
22
68
46
22
88
83
84
90
34
91
29
66
57
30
79
40
96
31
65
72
89
51
64
97
66
48
52
86
5
96
1
60
9
53
30
43
3
17
4
43
42
30
81
71
54
5
76
20
25
99
12
16
75
53
26
69
34
18
4
17
62
67
72
5
21
44
33
94
27
96
25
89
44
96
100
41
48
87
47
21
49
3
80
51
21
30
27
60
7
78
40
47
96
92
95
37
59
81
96
83
40
9
78
63
48
65
37
99
63
85
40
76
56
55
8
67
56
88
49
72
85
37
45
85
21
10
71
18
52
91
4
22
4
90
27
38
38
18
22
53
22
46
76
42
55
62
33
48
27
14
79
72
27
20
2
54
100
49
50
83
14
83
38
97
20
41
82
2
63
93
83
20
16
18
87
62
57
79
60
75
41
28
75
75
15
70
63
26
35
38
42
64
13
87
23
34
69
79
38
90
14
55
30
89
30
9
67
70
37
93
25
41
35
12
48
85
51
30
62
50
73
57
30
58
25
45
37
64
19
52
88
4
48
62
87
25
70
83
67
28
68
9
68
58
31
25
20
34
53
22
64
11
21
76
66
65
44
91
18
48
36
35
49
17
91
55
82
89
40
16
73
44
71
39
37
82
3
9
29
71
51
90
48
58
54
45
56
10
42
72
79
84
30
57
47
16
86
43
79
6
81
28
50
1
81
10
62
12
18
61
17
72
10
25
82
31
5
85
57
29
85
33
23
77
41
34
15
54
8
45
93
39
81
59
46
44
94
32
31
48
76
66
12
43
80
15
69
63
59
90
64
51
91
71
43
60
75
41
96
16
75
69
39
85
84
94
39
50
25
14
80
51
72
92
61
55
48
78
30
89
77
91
90
74
4
14
38
42
96
77
71
14
80
69
22
41
40
86
43
66
19
75
28
60
52
55
38
54
27
26
44
86
78
47
49
8
71
46
98
26
73
63
100
75
1
67
32
21
18
14
3
87
30
72
9
89
23
6
37
55
78
24
10
75
87
80
51
65
33
26
4
49
18
47
29
18
80
85
21
34
93
51
87
86
9
62
77
78
9
24
100
83
30
95
61
56
16
16
94
29
15
15
23
71
44
94
12
87
16
64
25
9
55
86
49
71
72
8
19
26
12
86
83
92
83
98
13
8
62
31
8
89
78
82
6
42
21
60
48
5
18
56
87
71
77
49
11
30
100
4
86
34
52
60
37
67
45
43
43
73
13
27
29
61
36
73
19
14
6
37
34
51
95
75
41
34
63
97
62
46
18
70
77
19
12
76
64
35
78
44
21
6
45
76
47
49
74
4
53
81
29
10
6
5
10
70
81
95
17
55
55
31
65
97
37
26
49
80
95
54
30
55
44
93
65
73
81
50
15
97
44
8
67
11
48
82
10
21
67
85
42
98
26
96
64
88
72
5
58
6
53
88
96
16
10
85
49
39
100
d c b e a a e d a d b c c d a b a c d b e b c c c e e e c c d d e d e b b d e b c a c d b a d c c a a b c a c a a a e c e e e c e e e e d c c d e d d e a a c d d a a c a c c e a d b b a c d d e b e d 
95 98
47 90
21 52
40 61
8 17
38 100
44 47
32 67
8 16
46 48
13 37
42 99
1 13
7 29
55 87
23 40
10 60
20 30
1 82
4 9
11 14
6 39
24 31
15 20
3 4
47 59
13 32
23 33
85 94
25 55
4 41
2 6
3 25
63 73
45 93
54 84
56 91
53 58
44 71
18 64
16 26
12 36
52 66
48 74
45 57
23 50
11 62
14 51
26 72
36 78
75 95
4 11
23 44
17 42
36 46
4 7
62 65
7 24
52 89
23 97
19 28
41 68
12 79
2 85
24 27
7 8
73 86
21 53
77 80
47 88
17 21
11 69
7 81
28 70
11 23
16 18
21 38
43 54
1 5
23 34
11 83
60 92
1 2
1 3
3 49
32 76
74 75
1 96
20 45
10 43
8 12
47 77
8 22
47 56
29 35
5 10
17 19
7 15
23 63
1250
58
56
2
49
87
13
26
43
91
27
41
88
53
47
9
27
54
62
66
55
56
48
11
5
100
5
24
19
44
89
57
13
39
59
60
50
38
14
26
17
83
26
48
73
38
21
60
51
89
75
79
18
83
86
14
67
100
66
42
24
81
39
60
84
79
47
42
3
13
99
61
25
3
58
74
22
64
33
3
63
61
49
66
43
46
59
7
67
57
46
7
17
53
2
44
18
98
93
31
65
94
40
2
58
94
40
52
91
6
25
36
31
77
37
13
59
13
4
88
52
35
15
15
62
86
97
84
81
91
50
88
59
5
52
76
25
36
55
72
75
48
57
19
95
95
12
20
75
37
85
4
49
54
18
77
30
25
81
48
94
94
70
47
76
89
45
32
66
39
10
65
63
80
15
72
18
73
54
18
44
81
78
32
65
36
69
40
92
65
40
95
25
68
62
19
11
24
93
5
70
96
88
66
75
72
5
12
66
67
14
79
20
86
4
7
64
4
11
7
47
24
51
83
45
47
57
54
62
41
94
93
3
19
9
43
2
10
16
19
19
74
37
95
13
60
29
37
82
33
52
59
35
38
42
95
3
38
56
56
49
23
97
21
2
69
43
57
71
85
21
24
9
79
69
100
78
95
17
70
82
49
26
93
25
29
83
88
27
61
31
30
2
6
73
55
61
55
29
63
7
94
33
41
65
22
49
41
98
26
74
15
7
86
60
64
88
49
87
69
8
78
7
57
79
22
4
93
65
43
2
37
64
37
69
34
25
18
94
2
71
12
51
94
68
77
74
10
99
5
95
70
91
25
4
74
87
59
88
39
64
4
70
52
48
100
51
96
19
54
67
13
79
59
70
31
67
44
37
53
62
48
95
3
63
75
100
59
98
29
87
29
41
92
10
91
13
63
86
52
98
49
77
57
83
15
23
35
75
29
46
63
33
84
10
98
22
14
92
69
93
90
65
34
30
70
12
17
52
1
67
97
65
2
9
27
23
15
84
51
58
24
72
12
88
34
55
8
12
23
43
3
91
57
93
89
42
23
45
45
96
37
25
7
31
51
93
20
39
54
51
43
51
65
5
24
10
31
2
99
27
65
9
18
33
83
3
67
78
19
88
44
54
57
16
80
31
9
85
35
6
43
92
16
57
50
70
86
4
42
26
69
56
5
1
99
17
57
73
37
9
54
35
94
66
26
93
36
65
28
88
85
19
87
38
75
43
2
70
18
24
5
81
5
81
49
37
44
4
94
84
50
23
100
29
76
74
34
31
53
53
35
58
22
53
84
71
97
80
59
32
36
23
25
48
32
88
36
29
68
30
48
58
9
56
49
61
45
43
66
100
72
79
49
43
60
70
1
41
41
54
92
69
22
26
83
46
31
93
99
97
7
18
54
1
5
63
9
35
76
9
1
7
87
31
55
97
72
31
51
14
75
55
19
11
89
31
1
10
50
80
90
56
63
39
78
68
53
6
3
30
85
53
10
20
88
34
78
51
93
89
92
69
91
75
19
30
94
70
19
71
85
91
8
91
93
16
47
27
29
12
47
100
67
72
12
9
6
86
16
8
34
88
42
53
77
28
72
20
26
3
10
92
67
45
87
53
35
24
89
5
70
5
23
11
3
79
63
45
17
39
90
72
10
44
2
80
19
60
2
85
81
47
8
30
52
54
64
42
38
29
42
52
77
46
100
98
77
34
51
47
49
40
74
38
38
36
4
13
48
66
32
54
30
1
95
13
17
50
39
65
15
50
18
78
45
12
1
5
45
89
83
95
60
75
46
86
30
74
3
49
28
83
19
64
78
34
20
89
23
26
21
10
80
1
74
7
53
71
53
57
21
80
85
27
93
46
60
45
11
97
2
13
44
70
11
53
69
41
30
45
12
98
100
7
58
72
98
57
8
4
14
59
36
68
71
62
4
56
35
71
17
94
95
2
27
81
23
78
24
81
82
65
10
58
31
49
25
89
25
16
25
3
18
38
76
38
46
39
35
27
77
90
78
10
14
20
100
3
76
31
23
54
31
42
42
24
71
6
72
67
88
81
7
15
62
2
84
47
96
93
72
78
51
35
80
19
86
81
73
76
23
44
68
57
34
28
35
99
14
5
67
90
71
62
18
53
72
1
69
29
49
39
17
82
57
75
90
1
63
74
59
82
26
14
40
37
52
35
98
93
33
98
87
93
62
100
12
36
11
42
65
48
58
67
64
61
43
15
80
22
62
58
12
57
37
30
11
46
7
27
56
15
84
60
67
81
94
65
24
68
83
81
76
7
51
81
26
1
89
2
60
87
5
6
44
65
63
67
32
87
60
54
44
60
59
86
99
72
27
23
66
18
40
3
88
6
71
35
7
94
1
82
82
1
55
45
62
4
21
40
4
35
24
97
19
79
42
57
98
16
99
99
76
7
53
99
2
9
64
77
66
47
96
85
32
40
42
92
60
93
47
59
65
28
44
40
44
99
82
21
34
70
39
87
62
76
54
92
8
92
40
82
37
3
92
80
61
57
93
7
77
15
79
51
10
70
69
38
20
58
67
99
84
82
58
64
28
34
56
3
20
45
22
2
82
97
38
22
34
57
14
75
60
83
12
51
98
6
8
36
69
68
93
27
62
59
36
78
91
7
14
80
16
77
45
83
54
38
5
32
89
36
20
30
49
11
36
52
84
5
49
93
53
29
20
67
38
21
23
61
14
7
5
60
75
4
39
27
73
66
13
44
42
84
31
4
16
37
70
90
81
16
68
26
23
35
90
55
10
40
39
21
95
1
43
57
15
62
62
41
98
36
54
91
93
10
38
55
72
99
58
6
75
33
26
3
3
75
69
30
100
d d b e d a d c b b a a d b d c e d b c d c c d d d b c c e c c b c c c b c a a e d a e d a b e e b b d b c a a c a a b e c d e d d a d e a a b a b d a e c d e d e b c d e a a d d e c e e e d a b e a 
28 56
2 41
19 83
40 76
35 43
1 3
75 95
11 36
2 7
31 38
2 34
1 2
82 97
79 94
24 58
7 31
12 16
67 72
27 88
63 92
31 55
34 67
65 79
19 69
58 99
4 32
17 66
12 17
11 12
1 5
32 33
3 8
48 63
1 52
9 20
21 24
5 74
11 15
35 54
18 22
9 53
60 73
81 89
52 61
28 42
31 62
28 46
15 100
14 30
56 91
13 27
25 39
4 21
45 59
22 29
20 37
37 57
36 49
41 84
27 85
54 80
12 44
10 23
58 78
72 87
1 40
9 28
4 13
4 11
25 96
69 70
7 68
12 14
73 93
89 98
17 25
40 86
5 18
54 71
50 64
7 10
2 4
5 26
8 60
27 50
16 82
34 35
35 48
3 9
29 77
2 81
5 6
40 75
9 19
41 90
1 65
35 47
19 45
30 51
1428
39
69
13
1
35
23
18
27
58
82
71
16
41
27
34
97
35
38
14
67
26
91
39
53
62
34
93
71
1
42
4
52
25
42
60
91
63
74
57
52
73
42
88
61
67
57
81
84
85
99
52
13
24
50
46
47
50
21
25
61
58
48
66
55
19
46
45
52
85
64
96
33
4
86
95
55
90
29
72
54
62
12
51
75
22
75
73
46
87
33
98
36
44
17
70
39
33
3
7
94
13
46
82
94
70
55
89
46
32
76
26
27
8
98
7
64
100
50
8
11
6
70
24
50
66
95
26
80
62
57
45
69
44
14
2
14
73
93
54
45
99
35
54
6
83
69
10
70
98
87
81
46
91
31
88
95
99
42
63
86
74
92
74
91
57
8
31
24
12
89
91
44
49
27
77
19
40
24
76
36
56
45
64
86
7
16
68
45
73
38
25
26
10
67
78
36
39
71
29
89
46
11
16
37
35
48
55
50
2
56
38
75
11
11
67
9
31
55
34
49
97
45
53
57
30
35
45
41
67
2
27
28
55
76
100
91
22
29
31
3
88
70
50
87
85
89
56
44
14
63
50
18
18
98
73
57
17
16
97
93
88
56
14
94
85
87
20
97
99
75
44
92
94
44
50
11
97
82
90
1
62
68
54
50
9
25
94
85
44
17
87
56
92
30
11
18
67
47
20
59
60
35
75
72
42
73
73
86
90
3
66
26
58
22
93
18
95
5
47
7
82
19
8
73
97
74
78
77
30
11
82
55
95
100
1
39
66
19
31
43
9
88
11
7
4
60
80
35
95
15
29
33
87
85
60
28
54
18
67
73
25
4
13
67
8
59
97
88
87
87
28
64
43
71
11
31
19
32
61
68
28
42
84
70
62
87
54
33
92
98
46
71
79
72
43
83
28
82
48
91
84
93
90
57
86
85
54
4
17
33
17
91
69
99
32
46
37
57
35
78
37
21
60
51
47
94
21
70
3
45
73
53
71
13
7
51
53
92
73
43
84
4
21
44
92
15
68
100
68
93
33
5
36
5
68
49
65
72
66
4
5
7
32
52
56
94
22
57
14
23
85
33
50
98
3
8
73
27
9
95
79
4
40
70
41
2
49
64
38
20
77
59
41
92
9
25
22
24
98
18
13
17
51
42
6
55
66
65
36
11
13
51
81
26
97
29
37
29
16
38
5
22
15
55
95
8
30
7
54
41
85
3
1
21
75
98
73
10
25
89
19
39
44
1
9
73
48
87
7
28
54
60
83
79
26
74
25
60
93
24
38
53
39
87
23
74
92
32
93
51
47
5
77
44
81
63
91
95
5
21
86
73
74
78
97
40
66
44
6
38
68
67
77
61
85
5
91
100
40
56
91
5
16
60
85
93
2
38
53
44
42
77
100
53
77
99
61
88
54
26
81
94
44
49
51
53
97
35
39
43
64
76
48
7
11
48
40
48
97
31
79
93
92
92
16
80
83
88
55
11
47
50
10
24
99
86
7
98
12
22
58
32
92
16
32
88
3
48
63
52
69
81
45
20
78
82
42
29
30
49
85
21
75
50
84
80
70
78
21
5
58
13
17
53
13
65
22
67
3
27
46
6
28
81
17
13
48
82
51
69
96
64
11
65
66
98
87
91
37
63
18
87
11
59
61
26
2
14
40
12
28
4
31
68
98
13
73
71
68
10
90
30
100
94
9
43
17
11
61
77
54
92
14
90
2
17
69
86
55
76
95
64
2
3
4
82
92
30
55
71
37
10
64
46
40
90
35
67
46
55
27
54
17
51
82
7
81
34
7
91
55
50
47
19
71
65
32
22
84
89
94
21
64
78
93
21
88
13
68
21
50
76
72
46
2
58
67
13
97
76
77
15
6
7
55
44
8
86
46
94
79
21
66
97
60
15
41
37
47
57
55
7
72
36
51
91
10
60
35
70
86
17
56
97
92
1
75
17
59
79
17
67
42
48
43
90
10
74
84
84
52
12
72
51
7
1
32
93
57
7
28
22
73
28
90
85
36
60
79
18
19
46
80
91
71
85
48
77
11
18
95
78
67
65
94
53
41
5
92
61
31
76
95
84
49
8
59
33
92
55
77
98
36
91
57
52
48
60
27
99
41
40
2
71
53
30
65
89
81
50
62
18
85
54
66
65
84
7
4
58
87
80
82
71
58
41
63
35
81
65
4
23
54
63
93
10
11
64
58
37
48
6
100
14
45
66
2
88
28
45
83
88
82
74
96
71
91
67
4
87
78
20
58
70
27
79
67
70
6
97
56
69
73
11
39
16
5
53
74
35
72
14
95
5
77
13
10
37
66
57
89
78
43
18
5
99
25
66
53
94
42
49
69
73
9
5
100
35
86
55
5
66
17
26
91
49
25
69
27
95
37
29
48
21
5
66
30
86
37
50
5
62
98
91
17
92
7
23
67
63
21
20
50
45
3
75
59
26
16
90
94
78
46
68
9
37
18
76
61
19
45
67
28
87
37
15
91
85
43
90
80
39
62
88
32
10
57
66
88
32
90
18
57
66
71
6
14
28
6
91
89
4
85
31
27
19
72
24
6
84
78
16
53
4
7
56
76
30
32
21
27
20
14
94
15
61
97
70
37
63
21
65
27
83
96
14
98
46
88
44
96
72
87
65
70
55
63
99
8
12
30
58
8
49
58
14
20
15
2
27
86
3
65
34
6
16
51
16
57
36
90
98
2
5
15
42
13
17
82
62
72
71
53
70
28
23
48
28
71
63
87
10
85
95
67
17
96
72
51
83
15
31
35
42
80
69
2
63
18
54
84
97
14
63
2
14
85
90
32
23
38
26
39
81
97
9
48
44
35
60
54
49
91
93
27
71
34
4
26
87
27
52
5
36
59
85
51
93
17
81
43
29
26
50
76
62
65
20
51
53
66
72
86
37
65
76
47
77
17
6
20
26
49
24
14
19
49
91
93
45
83
90
44
57
34
59
11
83
64
54
36
61
69
62
87
9
90
21
64
72
40
92
59
42
75
1
70
86
79
50
48
95
45
51
9
90
67
83
73
80
21
68
37
100
87
33
19
97
4
90
58
38
38
14
63
6
29
88
62
80
76
95
10
43
44
33
27
72
62
67
92
15
7
54
29
77
83
84
77
50
79
20
76
26
27
93
56
92
67
68
90
79
32
49
3
59
12
67
84
13
96
45
35
74
100
79
38
91
19
70
15
2
26
83
93
24
40
34
48
26
61
43
7
10
96
57
17
97
100
b e b c b e e e b b c a e d c d b d b c e d e a a a d a d d d e e e d b c e c c b e a e a e d c d e b e e a b d d c b e e b c d a e c b a d a d a e e c a a a b a e d c c b a b d c c c b d c a b b c c 
4 79
81 90
40 45
41 73
9 39
4 6
15 34
8 14
13 87
65 72
85 98
69 91
32 48
53 99
33 56
8 74
12 35
63 86
6 96
9 81
21 80
10 54
34 42
19 65
36 60
1 2
1 19
10 18
24 32
13 15
5 58
27 70
53 95
12 41
2 9
24 36
3 4
33 69
21 30
19 28
54 62
15 20
2 97
15 40
31 55
55 67
3 7
30 43
10 26
11 52
40 66
30 76
25 64
20 38
20 47
25 33
66 84
20 78
19 77
5 24
65 71
38 61
10 12
51 57
2 63
11 51
2 5
39 68
7 31
4 10
9 27
48 50
4 8
37 46
6 17
21 29
70 93
31 94
10 53
29 37
35 44
43 59
19 92
15 16
19 82
13 22
3 13
32 100
26 89
6 88
40 75
14 25
59 85
21 23
17 21
5 11
58 83
15 49
2 3
1666
9
65
14
58
30
90
36
70
99
84
75
11
25
79
55
31
38
64
20
70
92
72
65
36
99
8
22
26
66
63
78
9
97
16
6
34
87
42
45
63
14
91
19
59
6
57
94
41
45
13
46
53
87
96
42
8
49
76
52
13
75
41
72
73
32
6
27
80
13
18
24
13
1
4
62
100
26
8
56
27
44
58
26
99
97
9
97
27
36
99
74
59
41
73
75
62
26
44
41
76
39
64
51
35
31
98
29
68
70
89
64
95
60
89
78
54
28
100
7
12
99
31
47
1
70
32
11
77
56
7
96
4
51
91
15
47
33
8
89
4
1
45
96
51
7
33
52
91
59
60
96
27
61
94
44
80
27
92
48
13
57
95
53
97
15
99
65
74
65
14
59
77
2
44
25
1
10
78
40
72
78
44
22
80
98
56
75
6
68
2
11
56
81
70
29
70
92
90
4
40
90
9
75
89
29
19
62
77
48
56
3
20
93
59
13
71
22
41
16
65
77
68
1
69
62
3
88
14
5
62
56
61
75
85
73
78
95
28
28
66
57
6
100
82
44
97
5
7
60
99
2
91
89
100
62
91
18
78
23
15
92
46
63
45
40
44
49
31
57
70
10
89
25
53
14
47
46
91
24
94
82
44
24
100
81
51
95
56
70
79
41
42
49
41
41
66
62
88
11
55
40
6
19
84
94
46
52
49
87
76
31
61
34
86
27
78
36
67
47
86
84
1
70
91
15
24
5
38
46
95
61
90
39
24
69
2
16
5
87
5
80
25
88
87
55
43
88
35
89
11
65
42
22
19
76
68
41
58
11
2
19
27
35
100
25
34
22
93
34
46
69
37
65
70
19
52
83
56
18
80
81
12
47
74
55
69
81
34
98
39
88
74
33
97
64
59
27
36
42
77
1
83
89
21
60
82
56
20
17
10
91
91
89
92
71
14
56
97
73
22
75
33
12
58
21
71
17
42
92
37
16
17
31
83
12
2
17
27
63
24
6
13
39
26
37
42
100
81
22
8
79
17
47
79
33
54
13
27
100
2
41
16
33
22
21
33
6
26
71
32
30
25
34
96
29
45
23
48
35
94
70
88
86
58
85
33
21
2
93
19
96
20
58
36
30
1
47
96
37
13
89
59
27
21
89
28
94
24
53
97
15
43
35
80
100
58
62
14
6
13
52
35
9
46
42
35
37
28
21
92
38
73
49
55
91
77
27
50
38
61
67
83
86
8
3
11
31
48
53
93
77
37
27
3
1
6
58
68
69
33
81
56
80
46
66
40
100
31
53
72
6
74
28
15
66
64
45
48
47
75
79
67
75
12
58
12
34
26
46
23
88
30
40
10
47
22
78
14
49
63
37
7
63
42
73
13
47
47
57
58
76
15
44
62
61
29
84
59
2
7
54
57
77
36
50
24
73
100
100
64
66
78
5
81
97
32
99
1
2
7
45
82
4
13
98
88
99
31
90
36
32
72
59
80
5
13
44
65
41
90
90
81
88
87
99
40
72
68
56
28
12
90
43
32
17
93
89
17
32
59
42
67
50
46
29
76
84
75
73
75
22
3
59
12
94
5
24
10
70
19
49
21
88
97
46
26
1
74
4
24
7
72
76
2
32
1
70
91
54
75
96
87
20
90
99
20
49
5
62
59
86
25
29
5
66
53
84
15
22
14
11
22
68
48
88
18
42
37
33
100
59
34
57
57
81
72
86
21
4
84
45
17
88
84
76
71
26
63
68
41
44
2
73
95
20
33
91
24
32
100
72
85
23
82
88
80
57
1
88
6
45
42
24
58
74
96
56
28
80
81
29
91
3
56
46
91
23
72
90
42
25
71
17
57
8
76
2
70
23
86
62
4
25
81
43
69
63
41
58
9
22
85
58
24
86
57
95
76
10
80
43
3
35
57
50
62
41
21
25
14
1
61
69
46
67
1
94
44
78
98
11
56
7
14
17
14
42
41
21
24
34
84
32
59
18
15
28
14
41
47
61
64
38
76
90
43
37
50
1
51
50
94
20
7
40
9
13
98
47
61
17
50
57
12
75
85
70
19
22
37
74
97
8
48
56
44
68
8
61
84
76
64
85
35
49
52
74
15
91
12
46
92
42
6
85
1
3
66
64
41
54
32
28
39
60
27
97
39
18
38
95
47
41
42
40
49
62
33
52
91
48
86
79
11
39
20
59
96
89
7
97
98
20
31
97
57
69
2
72
47
94
51
28
79
25
17
44
32
77
2
18
1
69
22
35
3
12
21
13
88
27
30
18
1
85
15
27
85
66
11
73
51
72
69
69
46
22
50
56
51
71
62
15
98
76
94
100
94
70
43
62
8
1
1
47
82
19
2
100
81
57
46
79
73
97
19
66
16
82
38
23
92
70
54
46
40
24
90
82
38
18
24
27
40
21
56
10
54
11
54
88
81
20
94
94
12
78
88
81
16
78
31
5
31
81
83
41
12
82
51
35
22
49
30
56
40
95
53
49
50
24
52
36
17
72
17
84
38
72
84
24
69
82
12
57
24
54
36
38
10
55
65
8
24
64
43
12
52
95
62
69
71
17
13
23
16
48
28
26
81
66
69
43
6
73
10
1
23
7
49
2
77
11
64
79
37
4
61
2
34
5
75
34
98
58
94
33
96
30
44
10
60
26
20
4
75
79
72
93
74
83
3
75
74
82
74
18
54
44
50
73
25
61
44
99
49
11
42
43
22
27
3
48
67
24
19
6
87
45
66
79
8
21
47
51
75
57
66
6
72
43
71
81
51
70
80
90
88
12
58
51
84
77
66
15
31
42
32
18
64
66
51
90
54
12
29
7
72
41
26
2
94
30
20
97
72
68
25
51
80
48
57
28
2
14
32
51
100
6
72
73
23
17
99
54
45
52
70
45
16
10
75
49
65
27
37
61
93
89
27
42
23
61
90
92
69
45
71
4
70
70
41
4
98
20
16
36
48
34
26
12
64
60
49
5
70
88
64
80
35
32
17
12
83
46
38
91
44
99
94
71
66
98
90
58
52
48
85
47
27
19
4
44
79
26
18
94
88
90
32
34
66
84
63
98
1
74
37
16
81
26
57
11
74
31
54
69
43
21
35
41
84
74
23
84
3
41
42
79
57
16
22
4
73
85
11
27
48
8
20
67
78
17
41
99
15
22
100
99
45
55
56
42
78
73
14
93
47
61
96
9
2
57
94
74
80
70
11
83
22
67
27
13
46
93
61
81
67
29
55
64
93
66
72
43
23
63
58
55
2
46
43
90
13
26
57
74
73
92
65
11
36
84
90
42
76
100
51
57
85
27
89
99
63
42
6
51
100
48
80
90
66
97
76
42
1
71
22
86
26
88
33
12
11
88
87
88
94
56
65
43
82
55
56
31
13
41
11
45
16
29
66
54
83
70
37
41
45
23
83
95
65
62
72
1
42
23
6
37
84
3
98
3
35
86
93
9
82
89
15
93
4
40
83
68
28
97
82
29
60
37
77
15
91
68
64
90
97
99
50
30
63
35
20
3
79
17
22
70
30
32
14
29
30
43
16
44
66
47
70
28
43
22
56
90
36
69
41
53
52
28
48
28
27
23
72
16
25
54
34
85
88
65
82
96
3
58
35
37
25
82
89
38
83
56
25
66
69
57
56
69
38
48
88
58
35
49
46
38
22
48
97
35
22
32
63
29
23
40
69
93
15
13
97
77
6
58
4
17
85
66
60
99
58
40
86
1
53
13
6
72
28
13
12
24
60
63
8
51
8
29
52
87
67
51
16
100
e c c c b d e d a c d a b c c e d e a a a b b e b b b c a c e b a e b a c d e a b c d a c b b b a e a b c b e a e d a a b d c c b b b b c e a a b e e a b d b b c a b b e b d a c d b b d d d c a b a d 
2 8
52 100
13 69
35 38
24 36
1 41
15 96
9 59
40 88
45 61
5 6
48 84
28 35
47 57
47 86
13 24
15 20
28 73
63 83
4 18
9 15
5 12
10 13
73 89
16 80
26 82
24 30
8 17
1 3
33 70
41 49
18 58
31 44
31 92
5 37
2 4
17 27
32 68
3 39
39 72
19 52
66 94
50 66
42 79
1 2
4 16
12 23
23 33
4 29
4 21
37 50
5 9
85 95
3 19
62 67
11 42
25 78
17 48
2 7
23 26
46 63
34 54
39 65
22 51
73 97
30 71
81 87
21 53
33 40
1 77
7 76
32 55
75 90
34 45
31 46
31 64
27 81
23 75
17 32
16 31
50 93
2 10
27 34
70 85
6 25
27 91
4 5
16 60
27 62
3 43
24 56
12 14
13 28
31 99
4 11
2 22
92 98
34 74
44 47
2000
81
18
83
86
93
42
87
95
62
81
58
8
54
74
32
76
74
19
87
67
41
39
74
35
18
21
18
85
3
29
5
53
35
46
73
89
28
20
8
20
54
79
37
5
61
50
72
66
47
47
55
27
78
67
17
95
14
90
35
31
44
52
51
97
49
84
3
97
7
96
88
29
21
52
57
72
77
48
47
98
95
89
56
32
19
36
78
65
33
95
47
56
64
47
11
75
32
21
43
76
39
47
93
72
80
36
68
45
26
57
66
3
99
55
26
81
40
68
35
83
49
70
95
10
92
61
98
8
37
92
82
69
5
32
52
67
39
58
60
94
95
7
65
90
58
59
73
88
76
68
67
12
64
59
18
2
91
11
63
80
72
33
9
75
88
27
86
63
45
29
32
48
17
23
91
86
69
92
27
15
23
42
56
38
46
30
35
66
10
69
94
62
17
93
32
43
77
5
45
29
3
49
47
52
84
30
68
6
28
20
24
13
58
57
86
55
78
64
67
41
25
4
89
84
82
73
10
22
39
35
57
10
83
49
31
58
51
20
17
30
41
74
74
89
67
16
17
36
75
25
45
75
52
69
70
96
41
51
60
67
4
9
81
23
82
92
91
89
42
13
28
49
100
73
68
57
2
61
80
20
70
37
35
64
56
76
17
14
66
24
68
40
41
50
7
48
18
26
54
46
72
40
74
65
3
83
37
22
67
77
25
9
85
49
6
8
74
3
25
59
76
72
83
60
95
75
32
28
54
49
38
91
48
64
51
14
17
81
81
42
75
9
49
88
58
71
15
56
38
77
70
68
26
93
9
25
38
65
77
14
46
15
20
82
44
97
13
49
37
11
15
20
23
1
40
3
66
40
72
33
23
8
77
44
13
2
42
38
3
78
5
61
40
65
68
15
95
47
18
16
23
26
61
90
40
61
99
40
27
53
80
79
24
17
25
26
33
74
22
62
95
79
9
14
63
90
1
10
28
66
70
64
44
24
82
57
44
48
36
9
53
29
69
4
87
48
46
57
64
15
67
66
72
84
6
40
96
68
70
74
4
73
93
75
14
97
81
21
75
60
2
61
15
14
21
76
70
26
78
8
82
78
12
61
11
55
33
87
71
38
79
95
11
48
38
48
4
13
22
85
39
9
82
71
2
13
18
91
28
51
100
58
73
77
91
82
54
17
9
5
21
88
28
74
49
80
73
89
74
1
21
71
81
53
87
73
14
4
95
77
95
100
85
5
73
23
14
47
40
17
62
75
51
53
47
83
56
58
81
81
96
82
38
54
74
61
62
75
19
17
39
32
31
55
71
8
39
9
30
1
48
86
99
39
65
10
64
41
77
51
82
86
13
76
30
61
93
60
94
96
15
56
48
27
70
88
92
7
88
76
2
67
25
9
36
98
28
30
89
49
47
7
66
3
74
39
74
97
97
83
10
21
92
99
1
92
10
94
30
26
96
96
37
63
30
46
72
61
94
30
39
72
86
100
12
30
34
58
99
31
53
85
99
13
32
25
11
27
13
92
24
48
91
36
28
31
10
44
72
92
58
53
63
13
83
25
36
17
44
27
35
13
13
57
20
31
47
16
71
4
89
13
35
11
28
35
23
91
42
96
55
18
12
87
92
95
20
92
12
11
86
94
11
48
45
32
61
27
29
78
86
56
65
73
88
81
34
87
94
1
64
44
45
25
87
12
49
54
33
38
88
70
64
28
55
27
3
83
55
43
60
31
39
24
77
64
90
84
29
40
41
9
73
1
33
49
22
76
8
62
35
35
76
64
49
12
3
3
3
2
67
93
46
8
18
44
20
23
78
100
96
90
32
49
20
48
6
22
83
1
92
26
85
71
56
26
82
79
82
77
43
31
78
66
60
10
15
60
25
51
66
87
35
78
80
85
6
6
74
22
32
15
67
92
35
26
99
89
51
51
15
14
1
88
45
19
4
95
31
48
93
1
46
26
72
99
12
22
41
14
76
33
13
70
40
13
72
31
30
76
74
16
22
47
44
20
88
12
65
9
59
58
12
23
94
61
10
90
85
29
22
31
36
77
71
45
69
52
41
15
71
55
79
76
88
18
14
80
3
99
18
35
64
77
90
53
17
43
71
91
62
97
61
48
65
46
10
59
55
54
60
93
1
48
87
57
33
34
75
53
85
33
24
26
62
73
2
62
1
72
59
39
97
76
37
56
21
65
20
59
65
83
45
82
34
97
44
43
30
56
6
97
18
79
47
66
45
44
80
82
15
39
66
80
54
76
72
20
44
92
33
44
62
44
92
15
4
91
52
17
95
76
71
23
1
15
76
5
87
11
71
24
3
68
90
81
91
59
7
40
9
8
16
88
53
95
27
77
57
46
3
94
80
44
93
74
42
53
45
19
45
5
45
62
69
18
26
25
66
35
9
41
50
71
45
33
43
95
45
12
53
40
22
60
1
42
67
96
79
50
31
10
28
54
6
46
100
98
95
30
22
33
58
56
45
67
99
43
59
10
100
69
6
9
93
65
44
63
46
37
11
84
22
38
44
49
3
53
37
22
16
31
99
66
15
62
16
27
85
44
91
51
16
38
48
66
75
44
40
63
98
99
18
53
33
85
89
15
86
66
42
3
80
47
91
17
86
66
65
85
75
93
73
70
45
16
23
16
87
77
10
59
30
43
24
70
86
74
3
80
21
29
49
70
88
14
82
10
30
87
36
94
15
98
48
19
75
47
69
94
60
38
55
31
89
31
33
84
60
63
6
3
51
75
23
20
42
92
3
56
76
31
8
12
24
9
61
25
88
23
31
93
12
91
91
57
93
93
73
80
45
100
54
16
30
96
74
44
31
25
50
7
85
19
77
36
78
3
53
49
87
37
6
67
90
85
93
45
12
61
40
82
75
25
67
40
88
70
69
10
20
50
22
3
62
33
10
5
21
78
25
65
40
53
62
77
7
57
68
84
7
38
74
30
41
8
82
89
77
58
2
80
54
79
80
13
88
52
37
14
74
38
90
46
87
25
59
2
50
5
31
96
35
30
58
75
48
74
26
29
60
24
52
81
84
46
79
100
9
62
65
97
46
61
73
48
63
35
52
62
12
85
100
83
40
44
41
77
8
12
78
74
58
16
14
50
93
80
5
10
85
77
64
83
52
16
89
71
20
74
61
30
57
17
28
29
53
88
82
22
99
41
8
31
82
30
93
26
87
68
40
30
52
23
72
79
7
68
61
60
63
45
63
74
96
70
32
16
18
45
72
62
6
82
12
33
85
8
70
46
39
93
67
9
45
73
55
29
7
21
68
22
44
8
41
29
14
57
11
59
57
95
39
84
7
17
43
91
69
44
58
29
22
67
78
82
43
29
24
71
26
38
99
96
97
16
2
4
99
92
82
45
66
85
48
53
54
10
82
77
100
80
37
22
44
42
87
61
93
89
57
86
40
45
82
2
57
99
37
20
35
62
75
44
5
23
18
34
40
70
37
41
65
60
10
10
63
33
60
54
11
11
80
1
14
13
32
47
64
30
29
82
62
2
11
33
99
37
66
36
31
58
95
76
10
21
49
59
82
99
4
38
11
73
26
43
29
27
82
11
59
33
73
21
37
56
19
9
2
21
22
31
72
94
38
72
26
59
36
55
10
79
18
44
66
74
75
85
34
86
94
93
9
41
1
68
68
61
27
35
4
70
4
35
44
87
25
8
53
43
77
22
41
90
40
7
92
42
7
53
99
57
43
72
39
84
27
33
62
47
50
84
33
90
66
79
20
90
22
100
23
5
33
73
97
93
43
13
14
64
39
37
22
44
92
1
78
2
79
100
8
4
66
47
76
87
25
19
37
90
67
17
84
65
91
92
32
80
73
76
25
34
72
79
87
71
27
73
38
21
91
59
4
70
32
71
80
70
96
65
56
33
4
1
59
34
16
56
25
52
61
51
22
54
5
1
29
53
69
72
44
73
68
19
74
7
18
37
29
16
62
59
28
65
8
20
37
54
53
19
8
88
69
70
88
22
29
29
56
59
26
33
92
88
11
66
24
74
63
87
18
79
85
9
50
77
51
36
90
3
61
23
51
86
15
6
75
25
40
1
96
34
85
91
70
98
29
44
3
85
94
71
93
48
61
39
32
66
59
10
7
61
49
98
75
47
3
19
25
3
66
76
61
79
17
36
87
30
7
37
56
32
89
23
6
80
26
49
38
74
91
10
24
54
73
97
60
99
52
55
92
3
100
9
71
66
20
1
31
72
58
21
48
5
43
82
94
54
38
86
39
41
44
18
40
91
90
77
46
83
52
51
73
24
92
25
86
69
54
99
65
5
57
24
70
68
48
97
87
19
77
84
73
19
64
23
86
19
62
57
96
86
64
78
72
95
96
82
41
92
7
56
8
57
54
2
39
56
85
2
34
78
38
26
16
18
45
87
32
52
94
76
57
81
97
17
68
95
87
77
59
65
69
85
38
65
46
100
75
79
36
44
89
61
70
93
23
81
18
75
17
27
4
21
95
42
82
13
79
32
96
96
25
77
68
100
22
14
30
69
100
d b c c a a b c b d e b c d d c b c c b e c a b a a d b e c e c c b b a d a b c a b d c b b c a a b d c e e c e a b a b d b b b c b b d c b a a c d c c e a c d d a b e a c c c d d a e d e d d b c b d 
50 99
51 72
87 97
9 58
29 48
59 78
13 31
1 3
30 54
19 41
46 77
1 9
28 74
57 64
59 60
16 30
25 67
5 45
55 87
7 33
4 11
5 13
83 96
3 6
23 24
30 56
3 8
3 5
1 2
19 52
22 50
31 44
21 81
17 57
3 27
22 29
10 20
23 26
29 69
9 65
8 12
9 55
33 86
81 82
50 83
3 84
48 70
91 94
5 17
27 32
41 53
13 90
19 93
29 73
5 10
16 35
15 25
32 38
93 95
37 49
29 76
63 68
38 40
19 21
60 80
36 46
32 36
17 62
1 4
35 89
1 23
56 75
32 42
43 98
18 63
12 18
49 100
29 51
48 71
30 37
50 85
83 88
7 14
10 43
55 61
30 34
2 59
11 16
56 91
14 66
5 7
91 92
30 39
13 47
23 28
6 15
55 79
8 22
4 19
2500
34
47
40
81
41
61
54
17
42
24
57
95
50
31
30
97
52
65
46
1
12
38
3
94
14
11
17
82
19
52
9
44
49
2
39
11
12
20
26
21
90
48
63
54
93
78
83
20
80
31
7
35
57
38
49
4
81
58
91
30
9
58
73
39
99
85
26
82
27
9
70
45
9
3
37
13
58
29
23
61
50
72
57
9
14
42
79
84
41
25
93
1
86
6
18
96
37
30
8
87
80
12
30
5
76
36
4
28
50
86
62
57
32
14
3
73
67
71
98
43
79
58
49
39
27
99
29
81
14
95
88
26
43
41
86
9
15
43
72
76
67
88
15
86
15
9
69
73
26
58
16
31
93
90
32
7
96
92
64
38
68
90
16
71
57
87
87
47
48
94
11
4
7
69
75
56
51
42
20
37
76
39
71
77
80
7
5
18
29
55
93
58
93
28
86
77
78
33
6
26
14
63
19
28
59
48
13
62
87
100
83
63
73
19
85
100
22
28
32
89
99
54
61
53
17
54
47
56
74
41
68
13
11
82
32
10
59
60
73
75
92
39
88
2
60
53
92
48
10
59
48
30
7
61
54
90
48
7
13
28
5
5
51
61
65
67
70
97
22
82
88
61
77
9
96
3
37
89
67
31
32
36
86
47
76
6
87
21
89
24
18
49
87
45
99
10
24
56
31
80
49
20
48
37
48
2
46
36
82
83
73
63
21
10
61
57
22
29
54
10
86
47
32
78
85
71
96
33
87
72
69
77
44
32
54
44
55
25
27
64
64
59
8
97
57
43
72
88
37
62
60
68
89
12
45
20
47
18
26
89
96
44
64
29
11
78
35
8
41
84
55
26
58
54
80
85
69
11
74
87
50
93
80
81
10
8
66
95
59
86
85
98
89
26
7
61
11
75
20
15
64
15
18
2
36
56
19
3
81
86
89
44
45
88
15
20
75
30
33
1
57
86
56
32
38
51
62
79
99
77
78
57
73
4
59
77
28
93
26
33
50
52
6
52
38
99
57
94
71
90
58
100
52
96
40
86
85
43
44
12
19
23
52
14
23
96
82
58
57
35
31
53
62
63
5
76
31
1
94
71
68
39
42
88
83
96
92
52
79
16
10
42
12
30
38
92
69
55
70
71
75
31
15
12
31
9
50
88
24
69
89
22
92
4
98
83
57
10
22
100
71
11
6
3
57
46
29
80
56
18
75
3
53
32
75
11
34
65
94
29
35
77
34
86
82
27
28
29
35
22
82
25
26
15
84
15
18
43
6
13
68
19
78
71
65
99
17
8
28
5
26
68
17
9
95
34
18
46
64
21
13
63
7
30
49
88
51
27
13
64
46
37
32
47
29
38
62
91
76
57
52
77
62
100
47
99
56
4
65
54
43
19
12
32
16
25
35
84
25
80
49
25
66
6
21
16
21
5
33
39
75
86
21
54
80
64
65
96
56
44
60
64
59
71
67
30
23
50
63
52
68
70
56
91
84
87
14
70
77
10
50
30
79
54
28
26
21
38
64
81
5
59
66
19
71
71
83
77
51
24
1
73
56
40
46
75
41
5
48
100
85
32
78
58
37
75
55
91
86
37
37
60
23
29
62
31
49
12
18
88
61
23
59
43
75
37
94
44
99
84
84
69
47
80
45
81
69
50
16
63
29
54
84
55
67
21
41
61
5
61
44
12
3
87
55
28
86
63
27
85
94
51
7
18
63
53
31
97
60
50
56
98
2
21
3
68
40
25
67
68
93
79
27
73
85
42
77
38
75
32
17
62
57
1
6
50
70
46
84
4
15
64
22
100
47
71
40
97
8
74
27
61
49
64
76
48
58
41
73
26
38
26
69
70
39
50
36
36
69
18
54
98
75
23
31
41
18
50
69
81
91
53
37
45
38
32
93
1
85
42
54
38
16
78
31
97
37
66
59
4
45
39
30
14
88
69
50
49
33
96
77
88
47
53
55
10
55
22
64
76
71
56
79
23
48
98
35
89
71
79
48
29
86
43
49
57
19
63
82
83
92
69
82
87
6
96
44
9
76
88
100
48
61
75
82
89
72
16
3
28
79
95
39
63
74
61
39
59
4
60
73
32
18
28
12
50
92
94
57
36
21
69
17
32
75
53
47
78
98
25
26
4
10
4
34
9
86
24
19
1
58
64
68
21
46
46
74
7
67
59
66
51
25
17
100
57
63
89
93
7
36
77
72
22
6
47
48
85
61
30
86
25
70
67
83
45
58
4
63
77
53
67
96
33
76
21
95
58
17
63
29
62
15
27
10
24
63
60
51
9
18
32
88
48
27
61
86
98
57
65
19
83
18
68
56
66
48
37
17
42
38
33
27
46
90
9
84
95
39
12
10
45
62
39
41
30
71
41
25
26
46
17
84
88
88
6
44
38
83
42
4
91
4
28
2
41
86
56
83
95
14
14
37
39
11
51
16
71
42
43
2
36
20
23
50
63
19
86
72
99
16
70
12
23
89
44
8
45
34
38
75
70
53
73
62
5
45
45
32
61
39
55
26
98
6
96
89
22
69
44
23
38
47
76
9
12
52
62
65
87
71
32
71
99
92
11
68
56
59
44
90
97
23
94
34
32
98
23
93
68
80
43
92
88
26
69
34
3
47
73
45
2
62
96
15
81
26
14
48
36
65
13
86
100
2
81
66
41
36
91
86
14
38
100
5
11
9
43
18
82
74
23
71
81
39
65
89
6
87
70
80
18
82
20
71
50
89
99
93
92
28
85
100
69
61
84
50
13
72
41
70
42
9
43
64
43
14
91
93
29
23
76
33
27
40
1
46
41
92
26
97
33
62
67
37
25
39
24
11
23
67
49
56
98
9
24
18
98
84
87
71
34
25
9
89
47
34
12
8
59
84
88
95
94
63
52
31
64
46
46
77
20
14
38
52
39
57
38
64
55
76
54
29
60
19
67
9
64
91
87
97
77
67
3
40
34
44
63
36
75
85
61
89
93
41
59
45
55
42
4
17
97
69
51
92
20
69
52
16
7
26
54
52
9
97
41
23
44
12
95
86
7
47
5
16
30
69
29
100
1
68
99
64
45
26
89
40
28
54
86
91
61
76
83
97
83
33
28
63
72
61
60
6
77
49
93
16
43
77
83
98
44
16
41
50
29
35
80
58
50
61
15
59
57
52
53
32
10
41
3
44
90
35
47
27
83
75
78
68
56
98
17
8
63
69
20
12
25
98
23
22
43
19
15
41
79
29
82
79
60
84
46
67
10
61
11
95
84
45
62
16
16
33
13
13
98
9
35
85
18
83
42
51
3
24
78
5
16
95
19
13
7
70
56
62
72
94
30
49
6
26
55
93
14
85
44
56
18
24
34
42
52
24
80
40
66
4
55
67
69
63
61
59
38
32
74
95
38
47
21
19
72
3
95
12
67
80
90
96
67
29
48
87
95
69
22
58
16
93
62
91
7
3
94
37
66
53
57
39
89
19
12
44
88
32
48
27
80
33
98
39
73
46
30
41
6
55
33
8
51
60
36
7
68
57
4
42
5
46
50
2
33
77
68
81
48
98
59
1
89
83
29
30
56
52
67
74
100
72
22
18
54
40
81
43
19
1
67
60
54
77
94
35
96
32
88
26
85
31
36
68
53
94
35
58
37
90
80
15
73
69
11
24
81
39
32
1
46
51
74
38
81
51
99
62
83
43
94
50
80
95
53
9
86
6
98
83
34
14
87
47
6
19
31
76
89
19
79
82
65
63
58
34
83
74
63
90
69
15
23
77
33
18
66
18
88
74
20
55
79
96
5
75
85
42
81
38
33
85
48
47
51
23
22
2
52
62
26
21
60
10
17
9
18
69
30
100
95
19
70
29
93
94
39
60
97
29
88
85
6
22
6
15
74
96
43
21
27
49
46
24
88
11
68
48
98
44
37
24
43
96
65
37
90
57
17
2
78
63
68
81
45
36
27
57
29
10
73
22
76
86
12
68
83
54
64
98
41
86
26
23
47
8
80
36
62
96
57
35
85
45
16
79
34
73
52
21
17
68
17
92
7
61
53
15
44
43
9
97
21
34
16
65
94
55
66
97
65
36
27
33
29
36
11
39
52
26
1
58
31
35
4
20
47
22
15
57
95
70
30
14
27
32
7
57
37
73
85
30
28
57
90
21
61
38
29
45
20
47
6
55
71
70
81
1
51
54
82
3
9
18
64
89
47
61
4
22
75
33
99
70
88
28
6
20
53
77
24
71
39
43
94
16
32
83
79
16
93
52
40
13
98
54
33
20
22
77
33
89
50
78
10
86
3
95
61
56
23
5
52
17
32
84
1
73
3
59
78
43
84
24
95
88
28
57
88
61
39
76
74
31
79
98
19
41
6
67
15
21
14
78
88
4
97
37
62
54
55
86
35
93
76
41
46
80
55
15
77
37
71
5
63
64
14
59
70
32
7
49
29
53
70
76
19
21
64
5
67
3
67
53
31
22
46
62
3
28
34
7
26
60
48
3
96
43
24
11
92
86
79
31
96
29
25
82
6
5
43
79
92
21
42
81
22
1
57
3
21
45
12
93
59
73
85
94
75
42
82
40
55
17
38
69
87
29
48
77
25
77
29
27
72
1
92
16
8
80
50
55
18
23
22
30
6
3
66
58
41
36
47
58
77
75
24
82
89
36
22
75
29
69
91
97
1
35
30
14
97
11
47
67
70
92
38
17
73
11
74
50
30
55
7
99
44
27
71
28
34
95
86
90
66
43
69
9
89
75
69
51
22
30
17
73
5
95
93
64
87
1
41
94
70
18
40
16
60
69
25
2
93
86
15
52
10
70
84
71
41
32
56
97
30
85
4
70
57
74
89
45
53
32
5
60
82
52
10
77
100
4
15
53
82
20
48
87
45
22
66
85
75
38
39
2
18
13
26
63
88
9
61
53
79
2
53
39
79
84
33
96
20
73
14
18
54
10
63
23
33
42
67
1
38
70
55
72
76
89
92
61
50
30
64
65
59
81
94
18
95
43
51
22
42
55
7
19
30
69
43
33
6
76
1
85
67
95
31
89
21
82
98
31
16
25
98
7
8
18
41
32
57
88
95
18
59
36
29
2
22
92
39
45
25
64
31
100
29
8
75
85
100
74
54
29
63
49
88
94
95
25
92
12
27
1
54
14
27
83
12
86
93
88
46
10
65
11
87
72
61
39
98
71
63
43
28
28
8
95
59
14
86
84
69
25
29
53
88
8
3
66
4
66
39
45
93
49
97
14
52
24
72
60
17
51
81
39
93
49
81
33
60
53
3
79
82
88
53
35
80
67
53
31
36
39
62
53
35
69
47
98
58
93
1
83
4
5
11
3
32
96
97
35
59
51
40
57
75
97
12
81
12
21
87
96
58
2
85
10
72
16
35
45
64
76
24
32
58
42
85
73
60
79
86
71
43
16
11
76
87
13
45
96
90
32
93
20
38
5
12
60
28
8
10
99
13
26
60
13
10
90
87
60
77
20
71
22
76
91
32
93
48
60
82
21
12
40
78
46
16
80
61
94
49
35
35
62
78
40
30
9
10
21
14
56
49
96
40
91
2
66
74
48
73
12
29
22
90
55
82
47
27
16
26
28
26
35
12
94
17
2
79
4
16
22
68
24
39
51
8
24
45
66
23
81
3
70
72
48
52
42
24
100
d a a a c a d d a a c d c a c c a c b c d b d e c e d e d e c a c e e d c c c e e e e b b d b e b c e b a a d a a d a a a a a b d c c c c b b d a a d d b c e c b d a e d d c e d e e e b a d c a e d d 
8 12
39 51
9 16
31 74
83 85
22 30
6 94
10 20
30 42
20 45
27 72
60 82
14 44
21 48
5 33
9 35
37 68
8 60
17 59
76 80
35 57
6 46
65 86
62 91
97 99
31 49
15 25
39 83
9 40
61 81
4 27
24 96
6 13
1 2
72 89
9 11
10 24
48 88
2 9
48 52
1 32
19 38
2 3
2 6
53 75
61 97
4 22
33 92
29 66
37 76
4 15
38 65
35 56
8 10
30 50
7 87
47 67
2 53
16 29
9 28
14 62
35 98
8 73
2 21
42 63
2 43
17 19
16 71
2 31
58 84
33 34
2 4
68 95
27 39
19 36
30 64
55 78
2 70
53 69
17 18
21 100
74 79
1 93
44 47
2 8
17 77
8 17
35 54
29 37
1 5
24 41
3 14
12 90
1 7
1 26
12 58
20 61
9 23
15 55
3333
11
64
69
22
30
4
37
97
2
76
17
37
61
54
70
96
64
68
81
93
20
77
61
70
11
81
66
56
21
86
63
74
91
26
5
92
35
44
56
93
45
100
91
99
87
42
42
100
65
20
6
41
49
24
18
2
34
32
11
63
69
58
75
5
43
75
27
22
46
2
68
82
29
28
53
68
3
46
100
5
81
16
43
22
49
41
13
77
23
88
76
88
60
96
42
97
91
100
93
71
35
40
41
71
39
81
36
15
34
30
43
54
39
26
62
94
98
40
48
86
14
25
41
20
24
29
26
52
82
98
1
75
76
36
52
71
40
89
45
92
11
5
49
50
34
41
88
18
20
32
26
62
36
38
29
27
10
68
87
66
94
99
99
42
73
23
27
31
77
24
100
50
63
26
50
9
2
27
30
91
77
30
69
46
95
81
33
29
42
8
88
56
84
88
57
96
61
5
26
54
57
69
8
49
44
90
15
17
75
75
78
2
74
100
29
83
22
8
1
2
85
39
37
51
32
32
16
75
89
21
90
96
99
66
64
4
71
64
34
31
70
70
68
75
43
45
10
26
72
33
84
46
58
3
48
32
59
13
33
49
18
21
13
79
78
31
11
42
7
55
49
88
97
40
56
67
82
77
74
75
98
95
92
56
99
7
23
97
57
39
85
79
21
17
11
82
61
65
57
64
94
23
67
20
99
35
96
63
95
55
82
64
99
48
4
59
47
69
4
51
80
41
29
57
10
77
47
67
82
19
54
54
42
34
96
26
98
50
54
96
58
99
48
11
82
77
72
34
9
50
58
40
60
42
34
34
65
35
97
2
75
100
48
12
60
76
28
66
56
64
98
72
39
50
87
73
67
77
76
49
15
69
75
39
5
45
39
89
4
12
13
18
36
73
98
60
23
34
3
70
7
68
65
18
57
31
11
26
79
16
28
51
62
21
71
4
96
93
32
34
41
52
80
65
92
68
97
47
14
93
96
4
81
100
100
34
85
15
6
93
21
42
97
78
73
10
51
13
85
75
23
83
100
48
75
2
78
69
69
11
54
92
63
26
93
32
2
21
36
74
96
46
40
20
56
46
71
30
7
92
41
3
30
18
8
4
65
87
35
21
42
93
84
95
79
46
63
65
41
35
100
66
28
30
62
23
35
40
54
66
8
73
10
57
81
55
68
98
3
66
2
14
41
30
29
31
12
19
20
75
14
95
29
4
97
12
21
7
49
7
6
25
89
13
13
47
100
80
44
39
24
52
31
100
95
14
46
24
97
47
69
66
36
66
67
47
24
13
93
36
86
30
69
81
73
89
66
76
20
95
15
56
36
26
4
23
85
97
34
100
97
9
12
24
88
61
2
90
14
87
20
89
64
2
69
33
64
90
92
54
14
83
49
51
70
91
44
30
99
1
60
28
70
79
20
67
98
52
48
84
64
68
89
31
70
39
79
39
24
82
50
37
99
55
64
19
43
61
40
20
86
96
34
26
5
99
78
26
63
10
24
63
56
30
13
14
19
73
8
78
97
41
20
77
1
9
27
11
10
10
23
48
51
7
62
45
33
39
64
66
10
26
90
77
46
88
88
57
74
91
67
83
56
37
87
31
34
46
44
98
74
84
5
22
74
100
31
59
3
6
92
9
29
71
15
23
94
65
76
100
49
56
92
73
90
35
14
4
64
81
50
30
67
96
90
32
46
31
87
49
13
50
40
51
85
26
49
21
88
36
70
33
95
36
61
63
70
27
14
57
75
45
33
35
58
5
100
39
47
49
46
48
21
49
71
16
98
69
98
24
63
96
51
8
23
58
53
87
20
57
65
50
41
2
43
22
51
24
73
19
77
20
51
80
42
98
59
64
73
24
80
91
27
51
37
40
57
90
51
94
43
75
96
92
13
62
47
85
39
76
67
14
17
52
26
17
33
100
50
23
32
100
29
76
37
14
9
88
71
71
83
13
41
10
38
15
40
91
86
14
98
73
50
82
80
9
54
7
81
5
38
83
31
57
82
7
50
25
69
98
88
77
16
15
7
84
37
80
25
41
38
95
48
74
46
27
44
12
10
36
47
53
95
32
96
47
99
13
59
88
45
89
34
31
42
53
71
11
83
54
14
76
63
53
73
29
68
51
62
67
21
73
88
35
18
88
69
73
59
57
63
77
71
43
79
32
90
88
31
7
89
49
68
30
42
17
54
3
8
59
17
30
30
68
58
58
68
62
75
2
56
56
95
76
91
74
52
53
95
4
36
61
13
94
97
67
55
34
80
50
60
35
94
63
39
93
68
66
53
89
10
85
91
70
24
53
32
39
27
61
14
45
88
33
95
56
10
48
83
20
8
49
20
39
49
70
40
29
26
74
14
50
21
84
73
99
68
50
63
83
60
75
2
17
52
12
44
48
54
73
38
35
18
2
32
24
54
4
40
91
33
73
78
32
24
36
6
41
74
79
55
11
47
5
35
19
99
11
19
54
97
15
84
100
11
40
80
22
5
60
78
71
26
30
84
86
75
73
70
19
77
24
29
48
4
66
68
14
91
60
2
67
50
34
54
75
46
54
23
94
98
10
49
54
12
58
69
38
3
60
95
69
31
68
98
9
3
4
72
40
65
36
63
52
61
24
50
84
65
69
71
34
84
97
19
25
25
96
41
48
48
9
39
28
30
50
97
39
99
11
35
69
66
18
89
59
28
46
60
79
82
7
3
40
47
88
34
91
59
18
72
12
65
80
38
25
99
20
53
38
56
75
100
45
30
4
14
21
68
50
62
66
38
78
34
24
63
46
19
19
25
23
58
26
37
87
58
76
39
19
82
17
77
21
58
35
10
92
78
67
1
17
98
94
50
44
44
84
13
30
66
73
31
89
77
48
97
73
11
45
42
61
15
24
64
22
61
54
93
100
49
54
53
42
99
84
15
51
36
92
39
71
81
68
55
81
36
13
58
87
21
76
76
70
83
69
45
13
51
9
64
65
75
26
47
33
13
59
13
97
44
23
9
16
63
62
62
8
67
17
90
65
38
61
58
89
56
42
97
38
16
100
25
91
94
37
91
31
92
38
87
98
10
84
37
95
79
36
62
70
88
34
13
78
21
41
52
55
70
39
15
70
71
50
18
42
99
91
80
77
58
89
82
26
67
63
80
7
70
91
52
64
84
88
3
94
68
20
61
22
8
11
67
93
25
22
30
40
76
61
10
33
38
35
3
89
55
47
8
51
75
29
16
42
54
63
8
79
42
12
53
19
37
13
88
9
70
4
8
57
53
9
42
70
59
1
39
62
81
85
36
64
57
79
17
26
48
68
94
58
25
35
62
3
21
68
96
19
19
96
91
66
13
3
58
2
62
63
70
80
100
6
25
46
53
96
25
70
56
61
58
93
7
13
69
69
91
61
81
17
80
51
40
11
86
33
43
2
70
88
28
93
13
92
92
29
67
81
7
59
69
13
69
75
15
67
69
14
59
48
78
71
68
20
81
85
100
37
5
2
28
65
31
16
64
24
71
98
28
14
46
25
12
3
9
93
8
10
84
10
93
70
25
71
95
54
92
40
5
41
22
85
58
44
87
32
69
53
73
38
72
73
97
2
70
45
52
6
33
16
82
30
39
93
90
71
70
37
81
83
60
46
71
16
21
62
15
99
3
9
11
86
73
45
84
83
79
46
73
6
9
10
75
61
53
33
16
19
30
39
73
9
45
14
7
93
16
49
32
67
95
85
49
16
34
89
78
47
17
7
82
45
83
10
1
87
83
52
36
69
1
48
87
57
74
39
96
38
100
66
19
93
53
5
35
97
84
92
36
73
41
81
44
90
32
89
5
3
24
47
14
13
2
6
71
52
80
24
64
95
7
56
86
81
40
94
4
21
78
86
14
2
91
10
17
50
2
24
62
22
87
29
34
94
84
35
5
57
24
61
62
60
13
100
15
97
41
2
45
21
78
71
55
7
85
35
100
81
31
48
2
73
94
35
34
78
27
95
66
80
53
3
92
97
81
3
99
16
50
14
4
35
44
79
84
86
17
13
89
86
96
73
12
65
75
95
64
38
80
90
7
56
71
39
29
49
79
25
37
21
81
34
50
48
66
74
86
17
57
17
92
62
46
49
88
5
79
42
46
8
91
68
72
93
70
94
49
51
44
16
68
62
46
99
20
2
76
82
54
34
65
50
84
33
28
41
27
93
9
55
44
64
9
73
63
27
40
29
20
70
70
50
88
37
80
18
19
4
56
90
56
83
58
27
24
51
85
61
90
84
41
53
16
57
66
28
31
57
62
73
49
17
43
37
26
13
47
91
95
20
26
30
68
12
57
63
36
32
57
4
90
74
58
5
56
35
21
93
77
66
75
41
31
72
39
79
48
35
96
5
53
55
100
42
69
69
48
88
58
17
29
2
87
69
8
23
99
65
11
97
22
12
67
53
29
87
80
80
19
34
61
15
39
93
15
99
17
22
28
12
50
29
49
12
39
93
56
82
36
82
49
91
72
48
49
77
74
7
66
12
26
11
85
35
21
90
58
74
4
21
76
61
34
49
81
48
79
57
2
4
47
50
42
67
30
62
57
86
2
47
10
70
7
29
65
88
9
29
81
14
27
20
5
97
90
95
1
45
60
75
57
80
45
91
2
95
31
94
83
76
92
45
80
19
25
3
62
93
38
72
29
14
89
91
36
89
44
95
37
1
30
56
59
17
63
70
26
23
68
60
47
17
43
29
86
12
9
21
96
9
52
43
80
79
4
32
43
29
66
63
32
12
38
40
89
3
54
22
79
69
11
53
1
36
18
24
15
5
79
52
76
31
3
56
1
27
2
16
42
31
67
82
1
96
5
59
97
41
19
93
12
29
58
62
70
20
45
15
19
58
30
83
39
17
71
36
60
70
93
43
92
24
81
91
39
30
96
17
32
20
7
82
43
48
90
5
76
25
65
51
25
20
26
51
81
53
56
1
78
64
18
73
31
56
21
86
53
14
79
89
10
7
91
15
22
24
81
81
38
51
95
42
41
64
38
39
37
82
43
72
56
35
64
69
31
25
27
81
44
13
75
75
38
88
89
34
65
71
65
61
48
50
25
36
76
55
39
89
42
56
90
100
22
89
57
88
97
48
30
71
6
18
97
49
34
74
82
90
34
81
36
40
15
16
19
47
91
93
23
98
44
1
54
43
61
92
34
83
49
78
9
50
86
69
30
49
44
16
30
42
7
68
15
37
28
54
58
6
2
7
99
98
97
33
33
5
62
65
49
70
46
45
31
58
28
35
33
60
39
91
83
34
25
75
50
8
47
12
62
54
18
17
29
1
15
96
23
8
41
26
49
53
61
85
48
72
81
27
61
26
98
28
42
79
56
19
87
91
100
78
67
4
53
89
50
47
100
78
50
77
28
95
98
56
81
97
68
66
59
90
90
75
100
1
6
8
29
97
84
29
93
76
34
15
32
82
41
7
85
38
67
99
27
88
89
53
6
23
81
51
99
31
83
100
5
93
1
21
70
55
25
8
79
48
49
39
8
93
98
50
42
61
72
76
48
32
22
30
35
79
60
95
58
35
18
71
62
29
54
68
98
25
39
20
97
10
66
35
75
21
66
91
46
58
8
57
33
52
97
6
79
38
88
59
2
45
84
85
56
10
48
25
83
59
51
70
11
97
38
76
18
46
31
74
7
4
32
28
90
65
66
75
28
81
11
40
50
26
26
50
39
36
36
41
9
39
31
51
21
30
93
61
42
44
99
2
14
18
72
81
16
85
95
75
23
52
13
66
39
46
4
70
97
97
1
1
24
13
7
75
58
26
49
72
39
25
74
85
88
12
46
92
57
6
32
31
26
53
95
91
14
53
55
91
97
81
28
47
73
77
81
4
50
80
8
91
23
18
34
38
34
21
31
45
84
83
82
22
46
40
87
31
1
21
20
18
18
85
25
96
28
27
80
38
5
12
6
1
48
13
58
56
79
77
7
70
20
32
82
90
86
95
67
58
11
8
18
11
17
58
20
34
26
16
28
64
45
47
74
87
59
53
27
2
81
54
25
100
62
73
47
77
20
42
75
42
72
57
26
75
97
31
44
40
28
5
70
94
25
27
44
43
11
97
83
17
82
22
86
8
59
36
33
76
75
50
66
42
95
47
70
39
7
2
42
88
86
9
14
3
27
53
82
1
72
82
18
23
33
94
13
82
44
29
100
79
7
77
62
58
85
46
47
7
47
4
78
83
72
68
78
88
62
12
89
30
59
44
41
18
10
45
38
9
74
50
51
14
2
10
1
3
28
87
27
67
86
57
96
55
77
22
62
5
93
58
61
96
44
58
31
81
48
19
91
60
53
73
87
72
75
7
10
83
54
35
85
3
35
19
71
48
67
29
74
57
78
52
37
48
27
92
41
26
51
43
61
33
85
84
94
25
95
50
68
95
32
95
75
10
18
39
53
78
38
15
94
59
73
92
40
66
80
49
52
88
80
25
50
83
92
41
78
44
26
90
31
99
43
64
71
26
82
13
61
74
97
9
100
34
18
4
2
29
92
15
81
6
77
23
88
56
92
46
14
51
43
2
7
12
61
90
64
97
7
52
66
99
53
3
37
32
28
36
3
72
49
56
8
27
53
65
3
46
66
93
76
80
13
8
85
13
48
54
84
50
73
98
9
97
13
83
9
11
45
65
72
55
91
39
25
76
50
91
4
31
79
89
80
46
15
7
71
86
27
6
88
47
38
25
21
52
60
96
49
74
8
47
60
11
53
3
79
29
16
80
72
32
73
10
26
80
37
28
91
52
76
69
91
56
16
68
54
23
21
23
69
75
43
92
79
68
70
97
63
62
95
72
20
63
10
47
40
63
91
86
78
41
72
47
89
57
63
17
28
11
79
74
24
79
7
48
4
48
61
5
36
68
69
75
16
72
52
23
7
34
32
1
92
79
36
60
9
85
14
67
77
26
49
16
19
58
69
86
58
79
93
42
11
91
96
36
53
54
82
55
79
40
50
40
62
28
50
92
63
78
10
8
23
42
82
67
28
38
69
96
19
13
56
75
32
60
53
62
95
57
39
54
12
64
30
84
71
4
42
35
9
32
12
35
74
48
99
55
54
79
90
72
100
17
47
45
72
38
27
17
10
58
54
68
3
28
93
3
40
11
97
52
56
36
22
92
77
62
54
90
57
50
3
99
39
47
1
57
23
3
22
76
51
10
94
18
24
77
90
18
66
39
60
36
15
100
70
91
90
89
79
84
32
10
28
34
68
82
91
63
78
73
54
7
87
80
65
47
13
57
96
81
93
4
32
12
78
75
87
50
98
60
82
92
9
49
7
88
45
24
88
39
65
63
51
40
79
46
95
59
25
92
56
73
37
33
9
77
49
79
3
7
67
30
6
58
13
7
55
9
21
12
6
78
42
55
97
55
42
60
43
81
16
72
30
3
63
89
33
33
31
49
52
81
19
10
40
48
100
65
21
93
68
53
71
6
92
35
93
78
55
49
57
62
54
16
48
20
14
20
87
54
26
65
66
29
66
37
68
70
5
100
27
63
8
92
17
100
e a d a b e c e c b d a a d c c d b e a a c d d b c a b e e c b c a d d b c c e b d a c c b d c e c d d e e e a e e c a c e e b a d e d b a c e c b c a c e b a d e e c b b c b b e d b e d d c a c d e 
25 90
3 31
33 95
36 70
11 15
5 8
54 72
4 57
28 45
4 13
44 63
15 44
10 29
8 10
8 42
16 73
39 60
32 54
34 66
5 47
21 35
72 94
24 51
2 97
4 7
72 89
57 87
6 14
4 23
9 65
13 43
25 52
45 86
6 67
71 88
37 58
8 71
4 27
13 78
38 91
38 40
34 38
22 41
6 82
14 55
71 83
2 6
2 16
23 24
4 59
25 33
75 93
48 85
7 39
11 20
18 62
2 17
83 98
8 19
27 81
12 26
62 64
32 48
19 22
37 46
1 77
57 75
1 2
1 4
51 96
18 21
1 3
90 100
2 5
21 28
30 76
8 11
34 36
64 79
8 12
72 92
11 30
25 99
43 80
24 34
52 53
25 50
58 84
6 37
49 68
3 9
5 25
4 18
57 74
34 49
29 61
59 69
46 56
31 32
5000
12
21
31
15
52
33
96
78
86
88
1
24
61
77
77
90
86
32
39
96
67
52
7
30
100
33
65
76
25
63
61
11
19
82
31
41
83
66
70
80
45
56
32
89
73
84
59
92
98
12
49
1
12
96
19
9
40
85
33
43
72
4
55
2
23
63
89
58
22
79
30
73
6
10
65
63
48
27
45
74
17
90
47
45
35
30
58
50
21
52
41
21
54
31
97
59
45
68
67
36
45
86
6
65
35
29
29
47
39
73
32
72
49
99
40
53
69
63
7
40
10
46
16
68
58
72
53
15
64
81
67
88
82
1
19
85
11
74
97
90
59
60
68
12
64
70
55
61
60
54
46
89
79
68
61
31
93
61
77
49
8
98
79
93
95
2
76
39
51
43
1
19
78
88
80
86
10
51
98
67
28
78
84
35
74
83
62
41
28
48
53
62
6
9
22
17
67
46
55
68
45
78
28
96
49
39
33
90
100
72
63
64
16
56
20
86
76
91
1
95
16
59
5
28
13
34
72
85
64
83
30
77
19
11
85
59
80
82
33
15
94
31
31
100
85
34
76
88
70
39
3
25
92
18
31
79
56
4
2
51
81
26
12
50
18
45
75
88
1
52
10
1
23
45
32
55
27
51
65
22
8
24
10
64
88
77
21
7
3
74
34
17
78
63
10
9
38
35
54
7
7
20
99
93
19
41
90
88
59
95
21
37
54
10
6
93
12
3
54
7
6
93
38
80
31
3
97
20
99
69
97
17
93
15
22
84
34
17
6
37
64
99
93
67
16
2
12
86
76
36
59
52
77
99
8
44
48
20
18
65
54
43
88
71
22
97
89
28
49
93
23
98
55
94
1
13
26
99
65
64
26
29
87
19
40
96
47
70
27
78
43
33
14
32
89
58
1
89
92
14
30
83
47
65
46
80
80
78
11
88
26
92
88
70
83
37
68
93
25
74
19
27
22
83
38
91
75
27
86
17
19
60
42
68
21
42
21
1
31
90
89
22
7
40
75
12
25
43
84
62
68
32
82
1
59
47
30
37
26
17
32
15
90
95
95
22
70
10
1
77
15
23
43
17
29
84
79
44
83
33
5
58
85
38
61
53
64
10
18
99
95
90
62
74
13
57
7
21
28
10
76
33
27
87
37
7
71
61
8
22
80
12
25
50
20
27
80
70
7
16
13
57
17
91
99
36
46
65
4
7
98
73
75
36
7
62
13
80
95
21
19
28
37
72
33
10
83
59
99
37
38
76
51
86
47
39
57
99
61
97
81
36
85
35
20
52
49
98
82
8
90
41
66
44
78
62
76
26
36
91
66
64
92
70
17
69
72
57
68
88
22
52
14
19
95
37
33
15
52
35
76
91
85
62
99
83
29
75
18
29
44
56
57
41
3
36
49
87
66
51
44
61
53
47
72
72
68
62
9
75
34
43
52
70
26
26
66
44
49
13
32
33
73
16
69
11
72
16
87
24
96
79
51
41
34
96
83
17
77
48
28
74
93
26
68
82
23
90
62
33
82
16
1
79
52
14
35
90
32
81
55
62
96
28
12
47
76
4
71
41
59
49
54
96
98
65
72
89
46
95
44
10
16
92
89
32
72
68
71
27
66
89
56
6
40
30
44
37
73
21
71
29
1
47
98
23
80
40
86
1
89
40
33
92
90
66
4
48
33
2
8
56
46
48
49
22
36
25
99
69
86
67
48
79
25
37
19
82
31
64
44
32
10
96
46
22
56
45
9
18
83
5
52
85
93
46
70
13
98
38
8
97
98
97
100
17
45
40
66
45
93
27
46
29
41
27
30
36
87
33
45
26
54
3
78
61
66
25
44
66
74
7
19
80
75
65
79
39
50
75
81
26
55
36
16
82
91
70
72
86
66
66
86
14
100
57
100
99
14
73
1
81
19
45
66
63
45
89
3
18
46
24
10
44
58
93
66
44
46
70
91
46
37
85
51
78
26
28
62
99
1
24
42
59
55
32
44
46
87
72
84
68
40
87
66
44
3
38
53
70
43
19
34
28
37
8
97
61
72
64
96
13
77
60
89
79
64
93
25
17
49
82
68
67
84
3
21
59
89
3
67
26
33
7
27
9
81
52
39
90
20
59
33
1
34
30
43
28
55
79
20
69
90
63
30
33
9
81
48
96
72
63
34
80
66
99
81
38
82
95
21
99
60
13
100
33
53
21
85
67
48
41
16
60
84
10
26
16
23
32
52
13
33
98
75
59
24
95
54
82
55
77
12
53
64
95
42
65
88
11
23
1
78
65
94
91
27
18
24
44
62
93
61
25
93
18
47
16
81
60
56
88
34
34
6
7
15
42
27
40
96
57
83
9
37
68
14
98
60
82
80
34
69
61
47
45
99
27
58
35
15
88
57
70
22
69
8
26
78
3
23
47
48
100
25
30
84
3
23
88
98
55
73
74
66
25
52
98
100
74
19
59
28
43
53
12
28
40
24
65
58
15
32
52
71
75
47
80
63
58
11
40
59
16
62
23
11
19
92
31
74
81
28
45
5
5
28
45
91
84
52
91
7
65
17
59
29
45
63
7
7
90
34
59
33
40
21
39
12
31
72
28
76
20
32
56
86
50
36
81
66
84
91
14
98
51
63
49
52
32
5
83
10
98
70
21
1
23
20
7
81
66
30
84
4
29
43
1
90
38
29
37
28
20
39
14
30
79
88
43
71
22
72
97
4
30
28
84
51
56
11
90
43
8
91
24
59
90
73
65
78
69
82
96
17
64
74
57
43
51
21
35
87
50
97
30
96
73
11
18
59
41
42
52
60
41
21
49
93
88
79
61
23
47
90
32
46
91
2
100
1
20
3
13
59
8
48
66
97
93
19
26
50
24
74
31
17
95
2
13
9
38
82
79
80
92
83
87
90
44
88
26
75
41
17
77
83
59
70
76
50
53
82
84
71
98
5
19
11
8
74
83
2
90
99
60
34
56
57
100
58
68
74
34
89
30
78
39
7
17
28
46
49
65
18
97
87
94
28
67
96
85
54
84
85
12
36
55
87
88
71
25
96
21
65
17
81
9
79
57
27
34
21
91
63
80
76
97
55
17
4
84
44
71
25
76
76
2
60
22
8
9
45
42
36
3
33
11
11
26
95
19
87
57
61
98
50
76
41
64
45
11
10
88
76
34
55
95
14
54
16
53
59
13
43
7
3
17
82
17
71
82
4
68
17
61
40
67
92
33
15
99
19
100
60
29
18
10
76
56
10
72
19
64
18
69
64
16
13
25
59
66
99
89
6
21
91
54
95
22
9
62
1
11
72
45
12
36
47
1
80
99
72
59
20
35
57
1
31
17
10
97
33
97
63
74
30
79
91
55
29
96
71
1
52
88
76
45
97
48
69
52
36
30
36
87
40
36
95
50
6
54
28
77
58
74
61
39
64
69
13
18
58
14
90
55
100
19
15
27
93
61
71
10
91
99
61
47
57
24
92
89
63
41
46
65
18
21
65
7
32
17
43
24
59
9
69
34
74
11
60
6
37
83
20
90
84
92
4
33
84
19
39
87
11
49
26
64
36
54
70
98
4
47
6
52
20
55
97
74
96
89
68
93
87
52
52
93
50
67
59
69
23
56
29
56
22
22
26
5
62
97
17
79
7
10
50
65
36
38
99
71
87
25
81
87
22
63
41
75
62
90
54
85
79
82
69
84
34
72
60
26
15
17
72
13
48
39
42
70
19
47
30
22
43
79
32
58
27
53
70
70
40
84
82
85
8
98
68
59
16
86
24
24
100
20
88
63
44
22
26
18
50
57
82
47
34
1
88
33
76
80
16
51
22
59
5
53
80
32
20
52
48
7
15
41
61
8
4
92
14
3
8
64
51
18
89
82
16
3
82
28
55
47
20
96
63
52
19
76
58
17
59
6
53
14
25
36
67
66
97
55
9
47
73
32
20
98
76
27
65
53
81
69
42
15
97
15
34
31
100
14
33
83
26
83
43
97
23
54
94
32
2
11
37
84
31
14
9
28
23
29
80
45
85
28
95
78
77
90
9
29
93
84
24
86
99
46
78
11
95
61
6
66
12
85
17
54
69
66
52
51
81
88
93
89
79
69
60
41
17
17
38
56
12
48
30
38
55
94
52
4
19
24
57
11
84
51
30
62
95
71
24
63
100
53
82
3
9
87
53
16
76
66
61
99
79
51
10
40
51
7
80
33
90
2
86
24
44
91
34
48
29
15
29
87
15
23
39
34
45
86
99
78
67
83
59
2
60
71
4
3
26
82
76
14
52
19
48
87
81
64
89
65
94
1
73
15
11
3
35
43
86
19
53
16
90
82
31
29
88
57
57
33
91
5
10
7
31
14
58
97
15
71
1
44
69
85
12
3
74
68
39
15
56
56
92
41
23
99
54
73
39
46
34
14
71
64
36
27
8
31
63
32
5
63
23
57
86
54
39
10
73
28
51
89
47
80
69
20
38
1
36
5
71
88
82
98
55
98
83
48
26
100
85
21
16
33
77
63
28
15
71
1
64
16
67
97
93
97
81
89
2
81
58
33
31
48
58
33
47
93
12
75
30
55
24
89
82
99
26
29
8
93
78
46
31
10
29
22
62
33
81
11
10
40
68
92
83
85
50
79
10
10
2
5
14
7
43
56
84
54
88
39
5
32
87
24
96
99
100
2
99
49
73
16
53
14
48
8
56
33
72
78
59
52
7
87
92
40
94
10
62
20
89
87
43
97
64
90
73
20
80
41
15
53
40
27
81
47
1
45
35
21
22
33
83
89
65
49
74
88
70
26
93
22
42
73
34
83
15
56
30
21
46
46
1
50
8
94
50
85
2
21
62
7
92
10
34
85
83
12
5
24
60
2
51
56
83
35
15
26
36
56
10
99
87
21
64
13
23
23
82
8
90
31
43
62
4
31
72
59
65
99
38
12
22
63
8
97
25
83
72
84
94
27
67
16
75
47
97
9
90
6
30
69
40
11
94
59
99
92
72
59
87
99
57
24
21
40
52
31
40
6
29
90
17
15
54
92
68
89
17
99
35
92
20
84
53
98
13
6
10
4
98
42
86
12
37
56
96
29
42
26
13
81
19
40
80
58
85
77
64
27
39
69
94
57
85
52
11
26
2
38
66
65
52
18
23
17
35
92
15
98
11
91
76
85
75
80
83
46
97
63
44
57
21
42
76
84
54
26
49
79
14
93
35
45
79
53
43
11
56
28
14
61
29
28
37
3
83
46
55
23
35
51
60
20
40
42
34
71
2
39
53
46
41
66
3
61
61
56
63
17
28
29
88
19
11
77
66
37
38
83
16
95
79
10
63
32
46
35
53
56
52
19
73
87
94
63
79
79
7
69
41
1
5
98
1
32
50
36
84
66
30
82
6
9
1
83
42
56
90
38
53
5
48
9
39
16
76
69
76
65
56
52
23
88
34
28
82
97
5
17
69
83
36
61
31
99
77
85
79
6
32
35
16
19
75
28
89
32
62
7
72
28
98
14
88
89
56
21
42
4
83
3
62
71
50
15
92
7
83
9
71
10
23
78
25
37
43
96
95
93
80
6
58
32
57
67
35
99
94
76
64
34
56
83
84
56
97
54
62
15
98
77
84
29
63
46
29
26
56
21
84
87
29
81
59
85
53
46
95
10
86
50
67
78
60
3
72
32
25
30
49
16
33
26
82
8
90
10
71
51
16
30
59
69
9
4
33
25
17
38
16
28
51
18
53
48
40
40
97
25
64
7
87
18
11
21
98
53
74
58
49
42
87
93
97
81
93
89
9
5
44
4
43
31
4
28
86
85
88
44
9
68
83
16
14
74
13
97
47
45
30
87
96
74
20
29
66
8
67
59
88
57
43
22
42
83
54
73
63
39
33
81
13
20
6
83
20
3
11
51
70
62
86
30
62
67
2
68
48
11
11
70
44
51
3
66
17
12
85
26
56
64
47
19
17
13
61
99
80
52
59
57
98
39
93
17
16
16
40
88
27
76
21
90
38
48
83
11
98
11
49
13
23
48
43
71
92
68
36
66
49
64
96
55
45
69
14
98
10
89
59
33
9
51
12
19
70
88
89
39
28
85
40
26
44
92
57
62
16
43
52
25
70
17
69
14
29
43
28
60
33
57
9
17
91
69
33
1
98
61
46
85
64
14
77
56
100
58
9
97
38
57
13
51
3
76
22
50
64
45
98
62
86
49
65
79
94
21
36
79
98
33
13
43
55
25
11
17
58
97
54
20
25
36
82
22
92
67
99
42
60
93
57
72
9
4
95
86
57
17
61
93
77
59
88
63
17
43
5
62
66
33
9
36
28
3
23
83
42
80
36
49
91
79
87
38
81
75
39
95
1
44
68
30
42
77
37
23
13
58
42
34
93
3
25
62
77
44
61
42
90
53
47
62
45
26
79
50
78
44
14
70
21
90
44
70
50
2
42
14
39
89
86
58
14
39
88
61
100
65
72
97
96
39
67
41
43
27
90
46
80
13
66
25
53
66
70
77
52
70
27
11
26
82
19
10
11
74
14
23
8
75
90
78
74
78
95
46
80
29
27
18
73
71
49
38
18
5
97
85
8
14
88
65
46
33
70
7
59
58
80
35
95
82
96
89
91
9
54
78
24
94
57
47
82
10
30
56
75
9
72
27
43
62
23
24
21
65
22
64
6
83
31
31
48
12
82
46
89
30
80
95
46
96
90
78
32
75
58
70
1
72
3
34
8
88
98
72
66
100
63
60
33
54
95
90
26
90
20
41
56
95
83
94
54
76
22
92
2
17
7
17
15
15
58
31
3
16
28
72
77
73
17
56
35
31
48
48
31
37
5
81
71
10
34
10
6
94
65
26
1
4
44
7
83
43
36
22
97
71
38
30
73
31
36
98
17
20
18
66
100
85
20
23
17
31
99
95
24
60
18
64
21
53
81
54
62
97
98
90
28
94
56
85
85
27
95
62
68
79
55
30
15
54
88
86
83
17
93
36
71
53
82
46
89
81
99
44
65
59
99
55
38
63
73
22
54
55
14
35
67
77
85
33
35
22
93
14
67
10
71
53
11
86
51
81
4
42
10
3
37
46
53
9
81
10
71
54
43
12
35
68
46
56
45
99
9
51
9
10
58
98
27
7
30
43
83
3
9
13
82
55
22
40
10
85
58
27
79
62
72
25
45
92
43
36
75
24
64
52
45
16
12
25
33
81
67
28
25
4
96
68
62
33
54
1
24
52
72
87
2
73
40
4
13
31
66
49
55
19
9
4
77
76
17
97
31
46
82
83
68
60
100
39
64
9
9
22
52
8
26
98
32
73
64
57
98
32
78
42
68
29
69
23
55
37
60
69
84
6
41
41
1
60
36
38
86
75
14
54
76
4
38
8
34
56
86
39
20
64
74
16
85
66
89
100
29
24
42
40
32
57
88
86
48
56
53
59
58
73
93
64
63
23
47
16
68
93
89
34
61
59
65
90
89
32
66
100
40
38
92
15
20
27
66
58
53
56
25
87
72
73
14
13
85
61
33
16
85
100
24
69
28
8
43
24
78
92
62
57
32
92
7
72
17
19
70
6
16
91
83
28
61
72
29
20
59
42
85
8
98
36
32
25
14
58
5
51
69
65
11
39
11
50
14
68
20
47
65
89
88
98
78
10
72
51
44
28
46
21
87
97
64
16
19
95
94
5
83
93
46
55
99
47
74
74
52
43
27
89
93
50
82
49
72
75
100
2
10
66
58
44
87
56
22
69
8
41
41
85
10
35
9
55
3
15
40
82
71
34
17
74
41
81
53
60
19
22
70
74
71
72
23
44
58
98
65
87
42
31
25
35
56
38
62
78
63
40
90
90
75
79
92
94
59
7
99
64
91
45
31
32
70
92
52
37
44
71
18
58
49
37
79
89
39
43
85
59
46
56
4
96
50
41
10
91
35
70
73
78
23
39
11
15
12
62
82
13
12
7
13
29
73
58
64
79
53
50
57
62
31
83
53
73
92
90
88
18
51
88
89
83
66
28
82
4
97
92
8
79
92
74
98
36
89
64
47
83
58
12
97
90
94
42
78
6
91
65
3
84
32
25
13
8
31
15
50
31
65
11
88
15
68
4
77
63
9
8
88
48
6
24
98
23
51
85
90
97
55
95
17
56
29
65
24
89
24
18
35
89
3
82
38
95
75
38
67
72
35
5
83
94
98
85
36
69
21
32
27
90
91
64
36
31
59
48
37
86
74
46
72
59
98
31
47
74
55
30
57
14
31
24
50
33
100
75
49
54
57
13
35
87
60
5
19
59
100
100
84
93
21
3
10
19
85
60
41
41
75
61
83
21
88
73
56
40
27
7
99
80
44
29
73
94
64
24
25
31
8
93
33
7
60
20
4
17
31
64
26
36
51
84
36
88
32
86
53
83
60
14
10
36
82
29
68
43
45
11
72
45
32
100
6
88
93
54
68
39
43
92
68
93
93
27
30
33
83
65
88
41
90
87
93
16
37
22
68
38
59
37
13
33
1
2
39
70
82
18
59
64
56
58
100
91
8
83
95
69
92
38
65
88
4
71
29
16
77
60
50
33
51
68
49
76
70
8
3
74
98
2
74
43
52
65
79
57
91
56
65
55
62
72
47
53
77
25
36
30
47
19
69
19
97
92
56
30
98
48
67
84
59
39
72
1
96
3
29
73
64
6
41
50
100
20
24
91
15
44
62
94
57
3
36
77
70
77
65
100
100
92
35
19
42
46
13
20
24
47
56
62
51
59
99
32
74
90
45
37
59
63
37
67
75
84
60
83
30
24
67
59
2
91
15
10
87
90
4
32
80
1
59
40
1
95
82
20
84
62
18
47
49
14
74
79
6
57
91
8
30
29
51
38
18
94
79
39
71
2
82
28
85
35
5
6
67
11
27
7
14
61
39
27
95
95
31
88
39
11
43
8
75
20
88
88
23
35
68
91
9
4
72
33
49
2
92
39
97
15
31
66
40
22
81
36
26
61
12
5
4
77
5
57
50
7
58
29
97
1
95
24
90
69
4
78
89
68
93
51
75
47
17
37
33
38
88
23
46
89
14
85
15
56
52
97
82
39
15
89
22
70
92
35
30
12
48
53
67
19
99
72
29
1
94
77
60
8
16
47
32
75
31
61
56
10
34
66
70
70
87
50
54
11
13
70
80
84
42
86
16
35
42
24
21
45
40
9
11
80
98
52
97
27
76
13
78
3
60
86
58
45
87
3
50
91
59
70
13
4
84
65
67
70
84
88
24
79
82
63
93
40
31
2
41
3
71
31
78
98
19
47
88
1
51
27
70
29
14
57
60
86
50
26
100
61
92
37
93
87
40
90
85
27
41
46
27
56
80
27
67
92
14
18
49
10
6
32
91
5
66
66
72
45
27
68
12
18
27
90
29
86
67
59
85
95
28
50
77
49
15
81
87
78
58
46
38
38
20
70
19
48
23
48
96
46
51
88
36
92
63
57
8
30
99
38
31
1
92
31
15
87
40
83
6
14
77
79
76
95
31
42
84
2
14
62
63
49
9
23
5
52
33
8
7
43
44
10
68
91
2
57
18
83
73
11
46
28
28
34
51
19
9
47
15
34
7
75
68
92
10
74
17
43
23
61
37
30
57
55
65
52
56
48
14
52
17
1
39
7
59
77
85
76
93
64
30
11
6
65
68
35
4
42
50
20
26
51
77
28
71
49
17
78
77
91
88
73
43
29
19
74
39
72
31
77
76
87
99
33
90
80
94
33
68
15
80
9
93
41
70
19
4
12
80
48
12
12
84
5
56
80
29
92
18
4
48
38
11
11
20
49
27
82
87
89
100
26
48
74
81
33
96
19
78
69
58
92
96
21
94
28
86
49
7
47
3
57
89
3
92
52
40
96
75
27
76
96
77
75
50
93
45
58
10
86
72
11
39
17
68
51
50
35
50
57
39
66
34
60
28
56
85
50
94
67
56
53
7
10
68
84
93
36
5
94
16
77
97
13
42
98
60
59
82
47
6
86
44
82
70
96
15
59
32
43
97
23
90
86
82
26
61
57
77
13
29
65
33
58
47
24
9
30
42
7
65
87
98
59
29
73
80
71
53
18
53
17
86
95
82
44
43
99
9
77
70
66
25
33
93
40
40
40
35
56
38
85
33
41
25
12
2
71
69
48
38
41
85
43
91
42
42
29
15
56
25
69
46
39
36
19
57
51
67
27
61
95
24
36
32
79
20
92
20
10
55
75
83
71
79
76
19
83
64
90
2
17
100
7
10
30
95
10
65
9
2
10
10
1
100
14
27
14
42
87
4
62
45
88
89
8
94
95
92
64
22
67
79
98
30
49
90
53
74
61
12
7
35
81
64
37
64
9
83
37
26
54
84
38
14
60
38
69
98
94
8
41
45
54
70
36
88
99
63
23
74
18
80
41
99
72
1
53
69
85
2
50
100
3
82
76
3
4
61
36
9
36
94
45
13
32
53
97
9
9
82
84
6
57
92
89
16
88
100
9
31
82
31
1
16
55
19
12
48
75
31
7
38
52
93
4
23
2
37
98
90
62
24
73
49
85
14
58
28
63
56
41
78
82
32
49
96
21
88
66
28
84
97
6
81
56
3
83
45
62
87
77
35
25
86
15
65
26
48
81
75
44
52
64
2
89
16
9
19
60
64
49
74
30
63
39
100
64
38
33
49
78
83
73
64
52
11
58
48
8
33
66
37
71
50
79
72
49
21
42
51
1
67
69
4
28
90
86
68
66
13
70
89
82
86
56
65
96
9
48
21
11
13
82
82
79
45
35
42
69
19
49
83
78
7
50
60
84
33
70
10
91
5
99
70
12
90
2
53
5
43
20
18
74
68
6
14
59
22
6
54
26
100
26
59
5
31
17
78
7
87
75
95
60
33
2
62
68
76
35
34
51
69
26
88
55
19
69
33
50
48
48
60
32
4
16
90
77
99
1
61
75
30
36
97
52
61
21
80
83
46
48
97
25
86
76
80
34
20
64
66
85
88
17
97
76
68
50
39
31
57
49
79
9
20
60
3
92
46
60
62
25
72
58
90
56
6
53
87
56
42
59
96
21
75
88
62
83
10
35
57
25
48
35
68
68
58
10
98
26
90
98
42
25
92
75
75
91
12
79
20
63
42
86
60
47
8
90
89
3
47
65
24
18
69
15
79
43
59
74
77
49
40
37
31
21
52
66
20
75
92
65
44
49
94
5
95
83
83
90
77
10
70
63
19
65
77
33
21
97
81
35
17
21
57
45
15
23
65
69
45
12
21
1
49
30
10
32
4
18
91
42
49
20
2
48
1
53
7
53
42
88
100
c c b e c b c d e e b a c e a b d b a c e d c b a b c b b c d e e b a c a b c c a d b d d c e c b a e b b d c e d b b a d b c d d c d e c d e e c d d a a c c b b c c c c d c e a c b e c c d c d d e d 
39 73
36 56
2 23
13 17
70 91
61 96
1 7
9 19
27 79
12 57
21 42
18 58
28 35
27 60
1 69
14 24
2 63
80 81
75 85
23 44
68 82
21 90
37 40
47 93
47 53
10 41
3 5
63 77
3 6
1 95
64 66
21 67
13 22
9 12
1 3
27 71
11 36
28 37
4 11
39 47
10 29
19 46
40 92
1 2
18 30
12 31
59 74
15 43
31 59
1 4
8 50
2 39
29 45
13 84
11 18
21 48
81 89
10 80
21 87
83 97
8 13
65 76
88 99
10 61
19 27
64 72
20 25
9 32
19 34
51 100
51 65
26 68
2 10
48 86
14 26
8 38
46 49
24 52
63 83
12 54
47 94
17 78
76 98
50 51
55 64
4 9
80 88
68 75
12 14
7 15
11 20
9 28
8 55
4 21
3 16
12 33
7 62
4 8
64 70
10000
25
81
61
50
20
46
36
81
53
4
65
95
94
59
86
85
3
67
39
21
98
1
1
96
49
97
40
35
73
67
78
74
83
53
82
69
86
45
89
30
17
61
2
11
100
3
60
3
78
64
24
46
85
52
11
4
24
48
51
67
59
82
9
76
85
70
73
52
65
52
58
97
26
88
13
79
89
11
83
90
6
82
13
94
74
26
6
80
49
65
23
54
25
51
1
34
49
66
37
83
99
36
77
43
11
20
77
91
25
60
7
7
10
71
19
95
84
32
5
74
94
47
82
74
5
94
37
15
9
5
98
95
70
50
41
54
30
95
97
28
23
30
38
13
7
84
6
71
47
14
37
65
60
71
45
37
93
12
2
17
61
72
71
80
83
25
40
18
20
82
23
87
76
31
76
67
8
40
32
54
11
51
47
94
9
90
11
69
73
46
16
62
24
40
42
50
45
33
58
21
69
64
98
20
53
99
9
41
37
94
71
11
34
78
98
7
60
57
80
36
55
76
66
3
20
89
60
52
48
37
49
74
33
13
100
36
37
58
10
16
77
1
57
16
52
94
36
71
97
85
97
7
97
68
91
48
64
96
72
83
36
87
58
15
8
81
71
16
78
36
32
15
72
83
62
67
86
76
84
70
15
19
78
75
11
98
77
89
96
57
74
67
18
6
81
39
71
8
70
54
68
31
20
74
94
10
20
85
58
31
68
11
60
45
49
93
83
22
23
57
80
6
79
28
65
12
37
12
77
39
14
23
74
10
15
38
75
29
20
80
53
17
18
49
21
6
24
63
93
6
11
30
46
6
35
1
21
1
43
80
99
42
35
44
29
23
27
11
92
39
62
16
75
62
47
54
4
52
63
25
60
80
52
88
38
19
12
92
70
39
25
86
81
86
48
71
29
73
19
35
100
22
60
77
29
96
64
40
49
51
7
9
15
17
4
98
43
94
20
54
83
21
82
93
67
100
98
32
35
68
27
78
15
28
18
26
44
92
56
76
29
89
37
2
43
79
80
33
94
54
85
89
15
54
1
100
84
88
88
29
7
77
48
4
5
73
75
11
42
82
71
58
33
79
24
89
11
18
14
77
25
78
57
69
95
96
9
72
93
60
26
46
46
20
74
98
35
55
14
37
46
29
56
96
93
73
85
17
25
64
50
43
62
66
7
33
93
25
63
60
100
46
6
2
14
54
9
20
61
82
41
99
50
6
40
60
72
70
21
25
60
55
22
76
46
73
91
50
100
39
64
36
81
37
77
46
29
51
71
24
52
1
98
86
35
12
90
53
52
40
64
44
49
62
9
71
9
38
31
24
98
75
69
74
76
25
30
24
96
38
1
83
38
34
96
7
94
1
6
15
1
81
24
84
82
48
24
94
56
27
89
6
14
22
91
63
22
29
81
85
73
37
39
95
24
48
62
17
24
62
37
89
94
46
80
80
46
22
4
93
49
28
54
91
7
8
82
43
43
2
81
72
92
72
36
98
56
8
26
79
29
29
23
43
85
62
44
7
47
33
42
20
97
61
56
94
43
67
43
27
58
72
55
21
32
89
76
15
7
80
71
32
54
63
45
81
70
2
17
31
17
52
94
36
85
13
69
13
67
60
28
5
61
74
16
26
66
27
83
95
44
79
80
93
41
20
76
27
81
29
87
9
87
27
86
11
32
8
33
53
94
17
11
52
39
11
34
39
78
11
9
47
7
87
92
57
20
99
14
79
85
77
21
7
5
45
59
18
80
64
97
14
14
46
32
99
36
32
89
52
70
60
72
54
33
13
94
29
66
89
88
85
47
16
28
12
81
61
99
51
93
85
37
46
22
72
98
56
43
55
68
73
3
19
97
22
18
15
94
71
91
7
45
25
96
80
88
14
18
22
98
94
72
15
45
82
27
95
24
92
97
25
35
56
1
23
97
22
79
31
98
80
83
2
33
6
5
38
39
65
19
20
3
43
80
59
65
45
73
73
27
49
87
64
72
64
96
71
40
97
16
12
20
73
52
65
50
81
45
52
2
74
20
9
100
14
76
48
82
26
74
52
47
56
92
97
69
96
40
74
70
3
95
21
71
12
27
95
62
45
36
72
90
16
68
87
51
62
1
33
62
25
70
41
98
93
13
59
56
84
65
57
93
95
20
89
62
28
33
99
90
22
43
67
5
43
9
58
50
70
31
14
73
28
7
47
24
81
21
27
28
18
55
36
66
100
12
17
34
82
77
60
64
94
30
46
17
16
32
84
75
81
87
50
48
41
37
100
21
98
2
99
83
62
10
48
94
1
17
98
51
42
57
25
2
73
97
98
7
35
8
14
34
42
27
59
21
52
92
54
47
85
58
10
79
11
11
95
91
92
10
66
32
36
30
28
61
77
70
12
82
81
92
75
25
82
85
10
54
15
32
15
48
51
3
7
43
52
80
99
96
3
89
22
25
59
68
71
78
33
63
37
16
2
25
25
10
57
81
99
38
15
64
63
38
28
69
73
53
20
90
74
1
2
54
78
71
4
73
40
60
28
40
45
72
88
49
94
50
28
60
43
58
30
62
54
26
58
1
33
36
36
42
70
84
89
47
68
67
26
50
98
38
41
67
62
1
87
89
67
44
71
50
93
62
98
25
38
79
88
9
91
88
66
72
9
60
73
52
66
6
10
89
30
14
57
75
40
70
24
92
55
44
80
1
44
22
94
66
76
10
11
7
100
100
84
92
79
88
2
22
27
60
1
43
42
75
35
77
75
43
62
45
52
39
93
34
31
93
65
58
20
46
9
82
47
11
67
11
8
29
33
21
63
35
78
56
89
87
13
93
78
10
21
50
23
9
66
85
90
76
23
90
46
12
34
18
65
16
28
79
25
68
68
43
42
32
2
72
28
13
8
6
31
40
32
2
78
28
51
32
79
98
23
6
84
2
56
71
44
51
28
98
6
47
38
31
40
70
3
75
19
4
73
52
37
37
1
49
28
81
39
6
41
36
1
29
51
84
18
61
46
3
13
88
22
14
79
17
92
79
42
69
87
4
87
88
9
68
36
48
73
45
23
89
19
63
22
24
61
38
97
98
69
75
77
74
70
11
78
24
79
60
58
88
45
46
73
87
56
22
24
24
2
78
85
54
82
7
13
76
35
40
87
68
19
11
16
6
85
89
67
12
6
47
23
95
72
87
29
33
18
76
36
38
39
86
10
13
82
1
7
53
87
12
96
61
36
17
47
30
26
89
72
47
61
83
90
11
21
41
96
25
1
6
85
39
48
75
13
41
49
82
42
57
39
14
53
63
79
18
19
14
99
74
23
49
9
22
98
94
74
54
46
10
23
37
65
80
46
20
14
66
49
26
32
19
69
58
100
11
3
51
57
9
88
32
78
7
47
60
77
55
58
44
55
71
73
51
28
94
32
89
45
64
42
41
22
38
76
75
35
99
16
49
80
14
90
63
93
30
36
41
51
90
65
75
84
42
24
18
53
69
68
87
11
49
25
76
98
27
51
76
62
36
75
17
79
7
57
94
15
79
1
22
63
20
72
89
23
66
82
47
13
77
41
83
58
75
68
37
25
76
87
30
2
7
47
64
6
1
50
8
84
75
47
65
83
3
94
61
75
7
51
68
23
15
18
22
28
63
11
34
68
5
47
44
59
30
76
59
100
71
51
87
49
43
3
12
98
5
41
36
17
64
22
72
39
52
45
83
97
54
7
75
7
12
82
53
78
46
81
79
90
67
81
19
51
88
55
40
24
12
68
42
4
34
100
59
2
16
31
29
18
96
36
86
41
22
97
67
56
27
54
47
23
70
70
69
40
90
39
77
2
30
8
3
65
13
71
16
64
68
49
20
66
44
36
60
63
63
58
69
5
83
10
42
23
63
51
9
91
64
18
50
87
41
11
91
13
41
93
18
64
64
70
78
1
92
1
38
32
96
48
8
28
13
8
29
93
67
44
83
88
73
10
3
76
57
36
90
94
100
39
18
46
73
36
21
11
32
20
63
100
83
85
5
32
82
69
70
79
60
85
55
79
10
42
10
25
11
40
86
30
48
76
11
95
9
26
69
57
47
19
6
23
65
89
18
68
42
44
60
53
58
36
94
94
65
39
82
77
30
39
15
80
70
52
16
9
77
51
42
88
41
50
60
92
25
46
60
6
74
90
7
52
53
50
73
33
1
37
73
19
77
75
36
2
16
86
12
31
27
9
45
43
13
49
80
29
35
54
94
44
36
34
19
11
79
59
17
61
51
16
21
97
57
85
62
51
80
75
79
96
69
20
90
17
2
85
78
34
4
46
96
81
72
25
86
56
24
57
14
19
77
87
86
26
43
56
6
100
65
78
7
13
95
28
20
13
97
16
89
77
44
70
60
2
18
97
90
63
65
64
51
18
56
15
58
59
35
31
57
90
83
42
96
20
8
32
3
63
54
55
56
39
64
62
84
77
81
2
37
77
94
53
92
16
90
91
24
2
41
18
37
42
43
27
35
23
51
58
90
86
12
16
12
15
13
4
35
63
86
73
88
26
1
2
73
76
6
68
81
40
24
66
84
47
81
83
65
27
73
50
81
80
78
71
2
57
13
24
39
68
91
18
85
71
41
18
63
8
77
48
58
60
37
48
38
81
95
77
2
81
17
7
78
98
1
64
61
38
78
2
61
96
23
6
22
42
98
97
26
95
12
11
17
75
80
53
87
68
11
15
54
25
71
27
15
41
1
47
77
73
63
27
20
6
85
7
28
93
63
48
53
31
50
80
87
54
87
52
95
39
57
52
48
17
25
21
35
100
36
35
60
91
42
93
28
36
23
37
98
59
33
53
61
41
29
74
77
41
29
84
25
7
45
40
81
45
96
99
31
22
89
80
21
82
26
91
7
27
21
27
18
25
98
70
26
13
37
38
93
73
66
28
29
8
60
1
9
76
86
90
39
84
20
31
95
70
85
62
18
87
58
2
27
46
97
73
88
73
57
29
64
83
17
2
86
44
19
38
7
79
46
65
46
82
30
20
57
93
57
32
46
25
66
16
95
8
60
86
44
100
10
96
23
30
47
83
62
50
15
54
1
23
27
24
72
74
39
60
71
4
25
46
70
90
39
86
84
17
74
70
36
36
34
49
57
12
29
64
25
25
44
44
72
68
8
88
83
51
61
4
2
43
97
76
51
18
95
38
1
85
27
4
85
40
93
31
85
12
84
16
95
9
13
30
80
60
32
1
72
44
19
61
63
88
48
48
78
23
3
21
64
23
82
87
42
10
6
84
58
92
50
23
48
50
49
50
66
51
83
44
25
64
1
45
21
63
8
61
24
76
66
69
64
86
11
91
67
72
73
63
55
48
34
83
82
23
11
34
23
11
83
93
11
82
97
7
100
59
70
97
3
48
54
91
99
78
84
77
60
33
59
80
68
100
37
98
37
11
39
20
37
92
38
63
68
14
68
11
85
10
73
25
85
64
84
89
75
4
54
91
4
68
76
36
75
35
17
3
36
33
44
45
33
79
24
34
91
47
92
53
12
14
31
47
44
73
10
84
60
19
93
22
37
20
20
17
1
12
77
43
64
66
69
50
34
75
62
88
85
33
27
98
35
5
16
35
11
88
48
63
58
59
3
77
34
14
53
20
19
64
44
5
89
43
63
90
29
49
16
58
10
94
93
89
5
87
5
61
69
5
30
10
1
67
20
49
33
25
94
21
34
62
22
66
50
79
15
15
41
71
20
41
55
83
95
28
59
39
74
25
4
23
26
55
78
83
84
61
21
5
94
71
41
88
69
65
65
43
3
1
64
21
77
48
17
30
18
17
55
96
71
8
35
93
5
39
57
72
8
11
90
9
13
13
1
87
58
82
19
42
62
36
50
43
24
38
8
75
73
93
5
94
1
79
1
85
41
98
29
68
3
89
24
25
24
5
36
58
17
63
89
83
30
39
82
6
63
8
24
23
80
63
90
86
9
31
48
71
12
68
59
81
31
17
28
84
18
40
60
74
49
29
65
12
28
51
93
17
93
92
67
10
40
21
95
81
43
71
58
35
99
79
15
87
100
40
5
43
74
12
32
20
5
52
84
90
80
44
12
84
21
36
10
84
24
18
43
61
51
81
94
77
23
25
24
37
6
47
27
77
83
58
49
95
12
69
69
33
33
94
57
47
23
95
36
80
1
20
80
90
97
75
45
83
42
6
39
1
72
49
46
6
6
92
81
45
78
9
8
20
51
81
92
90
39
52
39
91
95
27
62
36
58
78
23
18
2
57
55
53
97
6
64
5
89
42
13
56
49
90
55
37
45
49
59
54
89
90
97
98
92
95
38
84
50
34
79
62
78
5
25
67
62
79
86
19
50
60
20
68
36
49
72
65
1
3
23
66
21
6
41
8
88
57
17
96
4
87
59
18
57
43
18
18
48
1
87
48
29
24
87
82
27
49
53
30
59
23
49
65
33
54
83
36
10
99
14
35
16
43
63
94
95
51
61
63
32
99
45
76
29
7
38
20
79
25
55
34
61
92
54
23
76
85
79
60
11
64
9
27
50
64
21
14
66
34
20
35
21
7
8
1
78
37
86
53
82
61
5
55
5
57
50
98
11
5
10
54
29
89
15
92
24
16
8
38
95
94
83
60
41
14
8
41
48
29
81
100
42
82
13
65
61
22
96
10
50
30
55
65
82
62
96
41
19
21
38
81
92
32
47
1
70
80
39
63
43
76
40
11
7
91
57
72
82
98
36
8
18
60
22
2
87
99
36
75
67
32
92
73
89
15
15
31
26
47
25
74
79
71
24
84
13
22
3
92
65
96
18
29
1
24
97
16
8
1
84
50
30
24
32
76
41
13
88
42
75
90
14
13
73
32
71
91
13
26
56
74
98
8
18
46
25
31
83
42
83
42
57
28
35
60
44
57
82
53
63
51
93
21
27
56
14
10
52
2
74
38
64
32
31
85
19
99
5
86
41
16
39
6
11
51
85
58
19
38
55
18
40
51
33
6
30
49
16
67
40
56
33
81
97
99
20
98
98
91
13
96
31
82
95
35
32
19
42
23
49
30
83
76
32
59
5
38
3
43
40
62
21
17
74
74
10
11
63
22
37
21
61
54
55
56
26
88
1
56
55
10
43
63
13
59
56
43
69
20
66
21
83
54
94
80
61
68
16
67
72
76
9
41
63
34
59
43
68
54
70
71
7
48
36
26
28
68
79
24
19
100
14
60
54
58
47
8
5
85
36
92
44
28
32
66
28
2
89
66
39
52
6
46
91
35
35
56
6
82
89
14
96
26
84
95
62
89
4
87
11
36
8
66
2
85
43
90
48
91
23
56
7
9
13
30
73
77
24
49
58
65
99
27
38
76
100
3
29
15
70
90
53
44
59
32
94
24
1
52
16
64
60
10
63
34
31
59
35
35
23
65
4
49
14
64
87
73
80
45
27
93
78
24
57
65
99
95
12
59
56
96
78
81
65
86
80
83
57
74
38
21
22
45
59
17
55
51
84
39
24
27
37
45
88
70
23
52
92
68
54
11
44
21
26
90
68
71
80
11
36
27
2
9
46
63
45
99
99
100
42
29
68
48
52
96
65
78
76
69
33
78
86
27
7
5
73
7
92
49
26
54
20
69
47
69
63
1
12
94
25
82
51
34
86
78
16
21
16
80
9
91
34
3
23
3
86
27
47
59
94
1
94
2
8
24
77
35
63
10
93
51
61
40
88
53
40
76
78
93
87
48
90
43
71
20
72
89
82
98
69
64
28
56
44
5
22
44
83
13
48
98
28
70
89
38
22
43
45
53
53
84
70
88
59
51
16
50
40
95
34
7
59
4
9
9
40
53
38
25
25
50
32
96
42
73
52
36
78
86
33
98
61
36
23
41
70
54
6
74
79
27
87
8
42
81
41
73
93
74
57
82
27
27
15
80
90
32
21
45
57
51
99
57
98
24
96
58
63
39
74
22
82
52
1
74
99
34
64
68
17
64
70
73
28
38
15
72
62
42
100
62
100
33
70
96
30
48
2
60
47
29
87
10
60
16
61
89
98
24
55
53
67
92
28
32
90
67
37
64
26
56
66
41
29
52
68
26
16
29
10
47
2
14
80
80
93
28
34
13
60
77
79
50
74
20
37
38
99
24
92
70
81
42
81
19
85
1
68
85
73
42
4
72
24
39
8
67
47
53
53
9
34
77
15
3
37
76
20
39
15
34
7
43
28
12
69
100
100
79
94
59
95
35
55
57
42
47
63
74
54
85
3
100
60
69
3
73
60
16
27
2
23
48
34
87
16
26
34
78
94
56
29
99
13
54
90
84
81
82
11
55
50
81
66
48
85
86
22
5
51
7
84
3
85
81
27
4
80
23
5
19
86
33
77
97
43
1
17
58
79
30
71
50
41
1
67
11
10
19
43
25
11
94
27
30
19
90
75
28
47
70
51
23
31
38
80
67
54
27
58
49
57
17
99
25
29
27
17
59
70
60
80
93
6
69
95
24
26
72
9
62
92
95
2
23
72
55
89
36
6
74
67
42
42
92
57
12
27
70
32
32
55
8
18
58
5
59
22
9
15
65
55
44
27
57
9
24
47
17
40
74
91
80
48
85
24
62
74
51
43
68
28
11
64
59
49
14
73
21
34
56
17
99
97
48
94
12
9
51
79
100
40
93
35
21
92
70
45
35
23
46
31
11
70
61
77
95
36
57
34
60
74
89
14
54
9
64
76
41
20
17
34
83
64
49
80
75
63
43
7
66
24
5
94
83
100
59
77
98
95
12
26
48
98
66
94
68
93
18
81
63
8
3
22
62
80
97
64
1
25
68
31
80
1
38
26
26
55
61
50
2
14
95
54
72
4
62
8
59
17
19
99
46
56
36
15
18
92
94
18
83
46
85
49
42
58
11
71
42
57
75
41
43
40
18
29
92
22
24
29
28
24
96
95
49
10
46
48
93
77
3
71
85
86
60
27
75
88
48
100
18
99
32
5
99
36
64
87
31
61
100
65
75
53
78
6
75
76
32
6
99
54
79
97
8
71
71
19
4
57
68
23
50
57
70
52
47
75
4
23
33
83
76
25
74
48
36
79
73
99
61
67
25
32
81
9
47
82
3
16
5
48
33
1
41
39
65
98
28
18
25
95
7
45
33
85
99
49
87
62
24
99
60
35
33
21
37
61
68
98
90
97
15
56
88
64
44
73
61
23
77
39
81
16
67
73
100
48
29
4
58
54
86
77
65
29
42
63
48
9
91
54
46
71
7
12
90
56
82
86
61
20
80
20
12
62
69
73
41
2
51
46
79
54
43
46
72
30
80
90
74
76
48
21
34
32
30
9
16
50
19
75
50
43
61
37
25
98
34
93
63
88
100
76
8
14
14
36
74
39
50
85
31
23
46
30
98
28
7
3
11
55
90
79
60
11
2
49
80
71
21
58
87
65
6
71
95
50
84
85
99
85
95
40
70
63
73
16
50
67
81
75
94
44
70
64
57
55
24
79
39
76
32
86
87
32
26
28
56
55
30
37
37
11
18
5
47
31
47
84
43
80
18
64
1
78
61
57
82
24
6
82
38
79
17
42
71
43
30
97
5
19
47
64
51
55
4
59
33
41
61
43
80
99
93
5
65
35
36
76
8
4
9
96
41
3
20
67
3
1
96
37
57
5
49
89
96
12
62
12
86
35
43
78
64
61
52
80
89
75
87
62
31
69
51
39
16
64
68
54
33
71
66
46
14
16
6
81
36
70
87
53
77
53
19
17
28
34
28
72
31
60
25
25
56
30
23
59
85
46
12
91
15
25
44
95
85
66
40
18
91
45
64
26
20
17
96
93
54
85
14
70
38
2
92
44
29
83
71
85
93
50
73
19
56
100
36
26
44
20
14
3
66
17
79
81
24
42
40
10
86
89
79
85
12
5
28
11
37
23
6
63
50
98
17
79
47
89
5
43
29
85
89
79
67
8
62
68
78
94
54
96
77
60
15
52
50
39
59
30
68
20
61
8
32
53
28
90
30
69
1
77
87
39
44
44
99
86
2
74
100
80
65
47
18
30
86
78
49
22
4
33
45
15
57
4
74
9
49
8
77
5
97
33
91
69
56
19
46
87
71
57
41
89
59
86
6
27
21
56
77
94
23
57
94
54
92
37
43
96
29
36
47
27
75
10
85
88
25
62
66
93
68
30
64
12
66
77
89
8
11
74
2
36
25
86
41
61
34
97
30
66
88
25
81
67
29
74
27
16
79
80
51
47
64
94
28
61
57
87
47
76
82
59
11
20
74
9
41
78
48
67
15
85
90
26
82
7
85
96
40
47
72
31
33
65
91
59
24
43
34
10
86
87
99
12
81
10
51
48
89
62
17
96
44
53
21
2
56
28
100
24
58
34
54
1
48
97
20
40
11
24
60
18
96
4
38
45
5
52
94
31
3
49
29
72
70
100
19
20
45
10
73
21
98
42
62
42
60
59
36
96
98
86
65
11
30
15
50
6
3
58
94
69
93
75
27
78
12
58
1
89
25
52
66
54
64
78
4
46
100
34
95
78
40
10
15
92
4
88
17
55
33
69
48
91
98
50
95
89
91
35
84
42
99
31
28
7
96
97
67
32
98
74
25
4
71
64
46
79
68
72
44
36
8
35
33
34
58
95
56
34
31
58
7
89
80
87
27
19
92
20
34
37
5
37
35
55
50
53
28
88
39
86
31
81
12
1
44
60
98
55
94
39
21
89
100
52
92
75
14
24
74
3
71
62
98
79
94
49
86
81
47
72
15
53
82
99
27
78
91
68
51
22
12
36
43
27
37
67
27
14
88
98
61
1
53
33
91
55
5
35
24
88
63
81
17
8
4
11
21
68
64
100
12
96
36
61
51
80
81
85
44
19
86
93
8
48
14
2
42
47
12
77
85
48
98
92
4
48
99
56
43
2
11
83
64
85
57
68
100
97
52
41
19
62
1
98
18
37
44
6
57
57
2
12
63
29
9
79
32
44
77
31
65
9
68
70
79
52
86
4
27
75
50
100
93
29
69
89
61
13
8
7
84
8
96
17
35
70
21
49
37
19
85
32
7
59
62
62
83
63
34
37
3
76
10
46
22
40
12
27
56
99
96
72
35
71
18
18
71
50
68
42
4
59
90
85
77
63
42
64
51
3
58
65
87
99
98
87
59
8
68
51
97
42
52
40
73
37
58
81
54
61
79
43
38
73
76
70
25
28
69
70
63
22
64
96
56
82
56
88
28
17
33
81
86
42
40
78
34
20
77
8
73
37
87
63
82
93
39
28
55
65
31
47
95
68
3
61
19
58
83
39
69
91
60
13
81
88
38
70
20
46
25
54
87
67
48
76
9
93
49
10
85
13
9
34
43
41
59
99
97
57
53
49
3
35
99
46
14
26
38
100
96
72
52
67
87
70
57
36
100
13
14
39
52
1
12
39
95
67
58
82
41
21
14
78
57
22
82
27
30
72
15
34
20
52
18
88
92
54
28
12
88
32
59
46
34
2
30
93
18
63
7
100
74
55
38
41
69
6
30
99
8
51
11
66
69
39
87
84
84
83
42
95
91
59
40
62
24
71
59
5
98
44
3
54
70
36
17
63
12
9
77
73
78
51
71
32
95
90
10
32
73
31
46
45
89
46
94
26
67
26
46
94
44
95
31
2
50
39
60
11
34
55
2
48
61
93
31
22
6
39
88
28
65
84
38
1
52
70
94
56
32
14
22
42
37
77
25
94
41
85
54
19
75
68
66
19
92
34
75
98
17
86
38
67
71
22
98
27
4
84
81
73
27
32
4
52
90
76
24
96
35
38
55
11
89
5
59
25
77
27
25
29
80
52
51
77
79
65
45
10
41
74
89
24
60
93
6
12
64
25
39
6
32
4
73
91
16
10
29
98
16
84
30
86
85
14
45
9
74
87
79
35
1
32
13
33
20
78
59
63
24
30
30
20
33
14
67
56
23
38
84
31
98
27
32
81
74
49
97
12
79
13
68
95
72
76
70
23
16
1
38
46
96
24
76
96
61
72
97
59
4
3
7
91
27
35
56
58
67
30
23
88
34
18
25
12
85
63
52
5
3
98
76
43
75
81
64
48
65
75
22
20
69
93
43
60
12
31
24
43
79
90
77
4
10
97
3
48
69
55
97
5
4
64
70
66
99
28
77
59
60
16
5
65
89
90
2
87
3
30
61
42
96
92
94
68
48
26
90
52
47
11
49
80
65
20
42
17
48
100
61
99
10
26
17
46
76
44
66
76
35
79
11
87
18
42
7
89
19
96
68
29
84
82
8
24
86
69
94
25
22
13
37
70
53
90
40
42
61
6
22
97
40
23
62
23
70
25
16
61
46
81
11
94
95
85
32
92
21
33
69
90
99
51
72
9
8
83
70
47
70
1
63
68
75
36
48
63
49
64
1
28
62
31
28
48
75
3
3
73
98
47
35
27
83
76
28
1
16
35
50
9
19
91
69
45
3
55
56
65
18
31
38
34
86
58
61
78
70
93
35
24
77
75
5
25
19
30
32
20
79
9
10
38
67
66
94
78
6
70
15
44
15
96
68
18
78
77
12
78
68
87
44
4
59
28
11
19
94
10
73
43
39
74
12
16
65
71
52
60
97
57
31
94
70
50
24
39
2
4
61
40
80
47
51
73
37
81
70
98
31
26
61
45
84
72
29
72
19
83
22
79
17
5
72
89
5
13
18
51
35
13
56
91
20
13
59
16
17
49
50
88
53
60
75
51
45
89
2
37
11
56
50
57
71
13
28
36
67
1
81
64
72
14
83
82
71
34
70
90
67
25
51
15
23
37
32
35
75
77
26
26
6
7
7
10
53
52
12
38
34
51
76
57
8
44
49
28
57
8
40
100
65
80
98
57
82
97
89
55
66
47
50
9
34
87
64
23
97
68
12
48
77
54
84
26
84
7
36
24
3
29
31
59
56
28
30
16
25
24
2
13
17
25
98
67
61
44
20
40
66
66
47
41
89
64
50
4
68
33
41
45
55
49
39
30
91
8
37
86
85
56
94
11
48
8
85
39
70
12
52
48
33
14
54
56
70
46
57
34
38
34
26
65
56
81
32
80
57
19
96
27
28
99
44
26
42
46
63
9
10
63
8
71
44
60
86
87
96
75
18
89
32
15
40
25
67
84
86
16
41
11
4
33
49
76
95
93
60
9
73
95
83
84
21
96
1
45
33
78
82
97
11
52
95
56
81
22
77
75
89
64
40
20
75
75
55
40
33
22
11
57
53
95
26
87
88
25
75
82
87
10
60
59
63
53
81
54
76
24
1
34
25
97
54
37
2
77
76
12
19
19
10
69
80
71
63
48
92
7
94
100
100
18
9
53
98
49
60
33
7
98
41
32
40
68
47
6
42
65
19
82
16
72
50
28
90
52
54
100
31
75
58
99
24
62
83
75
17
96
39
64
84
19
40
34
52
42
6
52
27
34
94
1
52
90
85
76
58
40
64
54
57
31
19
80
88
82
27
5
35
51
44
53
3
19
54
9
80
18
98
20
94
98
84
40
59
89
33
87
2
64
46
31
29
4
14
61
39
43
90
75
7
98
4
4
30
26
45
76
57
72
48
93
48
44
16
45
48
69
93
98
58
8
31
64
77
43
12
67
2
95
88
39
85
20
57
48
88
71
73
11
22
24
89
60
75
90
32
56
88
49
9
52
85
44
33
66
89
64
79
35
57
81
47
57
74
16
90
80
87
99
75
37
16
48
91
34
13
92
18
39
37
32
65
37
19
11
91
12
34
86
25
12
63
78
56
55
26
39
71
79
59
43
7
15
25
40
48
27
3
72
88
77
56
47
36
46
9
1
98
9
52
72
83
65
89
92
74
27
61
54
66
20
60
25
19
86
37
19
70
56
19
37
42
98
95
28
8
54
77
29
58
19
60
10
53
67
22
36
34
89
25
12
36
57
72
54
5
67
27
47
21
43
71
77
33
21
82
39
9
63
46
22
93
73
37
66
2
11
95
50
94
58
64
50
92
94
52
6
49
6
89
28
33
41
25
55
46
71
98
44
25
59
43
53
37
66
45
18
26
3
4
49
35
11
99
95
39
82
100
37
66
71
14
26
61
13
13
69
8
42
45
16
86
50
70
77
25
44
62
40
62
32
35
66
92
3
5
26
3
49
17
9
75
81
74
3
36
58
15
7
67
8
3
8
34
91
16
82
63
24
76
68
12
6
44
2
4
100
100
86
100
16
19
29
11
100
66
36
77
80
94
94
1
30
13
53
80
98
38
93
61
96
21
41
6
14
57
41
46
53
36
37
44
91
73
15
15
68
59
68
72
56
13
46
30
3
92
99
56
99
70
91
12
94
23
3
21
59
15
43
65
100
21
20
93
37
62
80
25
94
74
99
52
19
5
46
23
87
31
94
87
44
7
15
78
46
38
53
15
57
71
25
76
95
21
23
63
40
33
94
46
91
97
86
61
34
94
59
21
65
48
79
74
16
5
53
49
49
56
28
3
65
83
50
50
22
37
39
23
12
97
87
78
87
45
63
58
3
40
15
49
9
39
61
1
74
3
66
88
25
1
28
22
36
96
95
61
94
51
60
3
52
94
81
47
21
23
86
98
95
5
27
20
56
49
4
25
87
5
16
21
49
98
61
81
24
66
98
60
6
14
93
22
74
52
51
28
10
2
98
68
3
91
85
55
71
41
47
50
6
12
57
22
56
45
33
86
68
39
44
63
74
35
60
96
81
24
42
16
11
72
34
100
74
43
35
30
75
95
47
62
66
28
54
100
95
36
32
50
16
99
41
5
2
38
10
85
11
21
86
14
88
97
64
13
50
82
27
97
11
9
40
99
28
41
36
32
50
65
56
65
45
91
30
84
43
39
83
45
40
58
85
12
76
17
51
40
20
79
42
10
25
24
13
42
21
36
3
95
74
7
39
86
68
63
22
3
9
51
42
67
88
93
23
100
79
22
66
70
50
76
99
71
50
82
74
53
27
54
81
55
29
67
82
91
55
7
45
44
94
33
5
8
37
90
32
81
28
94
11
4
87
43
23
61
83
50
74
8
19
66
52
70
86
99
15
49
14
11
63
96
23
53
4
21
7
93
13
27
59
33
32
2
15
65
82
59
1
33
29
70
44
25
99
85
36
81
76
42
66
90
98
22
67
94
100
96
14
47
43
11
70
77
8
69
49
88
88
69
32
23
2
95
13
45
45
38
85
60
20
26
44
16
80
13
65
73
80
72
29
86
32
89
19
79
85
71
81
3
32
29
34
2
74
29
32
55
18
90
44
47
71
77
94
45
21
6
66
85
17
94
95
27
64
88
47
99
48
5
39
94
3
38
24
70
80
39
27
33
69
62
58
64
50
2
24
46
86
94
92
23
54
50
76
26
89
22
51
25
67
33
88
92
20
23
89
53
81
85
51
91
19
85
97
18
48
91
38
69
22
17
85
16
94
77
95
94
84
11
22
76
19
56
86
55
10
15
10
71
42
98
10
62
58
20
49
63
83
90
44
91
82
44
34
70
79
12
77
85
29
95
98
12
69
31
31
29
17
93
17
78
63
15
41
36
81
6
14
93
52
93
24
37
52
74
96
8
40
71
78
47
78
78
43
37
22
18
40
71
11
61
96
70
34
43
19
87
13
33
15
29
40
14
93
64
21
46
48
11
88
24
62
66
62
53
32
85
57
4
52
99
9
98
35
67
62
13
78
59
91
1
87
45
100
99
61
31
41
24
16
92
22
17
86
99
8
53
27
12
5
13
64
9
63
75
4
97
38
33
49
87
62
70
27
27
48
34
28
60
87
18
53
88
92
48
9
11
57
45
97
27
90
55
53
30
47
11
61
18
74
80
13
45
74
61
49
35
12
8
83
88
96
81
10
52
92
28
31
73
57
46
36
74
60
86
45
99
59
36
41
1
94
50
38
70
94
23
85
99
81
91
31
56
82
23
95
13
82
24
35
59
73
60
32
41
63
17
16
59
76
78
40
46
14
74
64
72
31
79
43
40
29
39
59
35
74
97
1
99
20
66
10
39
84
41
24
81
16
62
9
10
68
33
67
87
85
5
54
82
9
32
90
92
32
92
25
20
17
19
24
42
26
89
60
33
56
96
50
83
44
79
38
57
8
83
54
65
95
52
61
60
39
21
86
51
6
74
72
52
84
61
54
61
59
41
93
73
75
51
96
91
8
86
6
70
91
55
41
97
53
3
40
85
73
54
66
65
91
88
83
87
33
13
11
98
25
57
56
35
93
87
46
61
51
62
20
89
85
78
75
61
14
63
12
9
28
14
41
56
43
45
41
84
38
47
48
67
57
23
17
59
76
35
65
67
80
40
85
7
87
37
9
30
28
92
41
68
2
30
85
38
70
90
28
42
22
21
4
38
58
85
54
81
15
12
47
10
41
23
31
49
18
75
15
31
2
39
30
89
44
81
7
7
42
90
97
27
33
85
71
39
78
37
96
11
94
84
81
24
47
60
6
60
92
88
12
94
13
51
23
75
90
33
11
6
51
10
26
83
31
35
64
43
84
29
47
85
8
20
37
74
86
94
35
23
76
52
92
8
19
97
36
83
78
92
36
64
27
11
90
47
14
92
52
80
71
2
99
86
15
19
49
75
100
38
38
37
71
44
25
38
44
77
68
6
40
42
36
41
44
82
61
40
38
37
32
42
7
40
75
56
81
20
92
83
3
71
35
79
8
80
69
4
90
3
12
63
100
99
28
50
20
25
29
59
52
4
44
38
86
89
45
90
59
51
76
69
57
43
98
35
74
7
56
49
85
46
36
17
69
57
70
46
99
88
97
10
22
4
37
42
27
19
61
43
95
42
92
3
49
91
75
83
95
16
43
65
93
16
47
25
49
62
3
14
99
53
33
46
92
53
57
95
1
70
28
97
41
29
21
57
71
5
67
69
85
49
7
48
82
32
91
8
83
55
84
42
84
50
87
32
48
76
37
28
48
84
87
49
92
74
69
79
96
15
69
16
6
95
91
41
16
8
82
22
21
68
9
68
17
70
14
81
46
17
64
79
50
96
13
46
83
30
41
11
63
98
15
14
10
78
78
40
11
36
5
1
5
16
60
41
52
39
74
81
71
45
43
49
27
29
14
73
53
57
89
90
90
51
78
84
10
24
85
28
56
36
73
37
61
37
21
97
37
68
45
75
53
62
84
37
40
10
85
34
49
8
78
67
19
35
42
26
99
43
14
8
29
59
43
49
90
94
2
33
49
49
7
34
83
10
43
33
49
72
89
23
9
9
78
65
97
12
100
14
15
52
40
31
30
66
90
8
23
78
30
95
52
44
89
7
68
82
36
57
59
57
16
18
91
89
49
54
98
82
57
86
36
74
92
41
17
95
83
53
100
57
52
74
87
97
64
13
6
92
31
26
52
11
27
85
96
63
21
24
49
72
26
7
4
89
31
31
78
55
11
56
58
52
73
7
6
7
50
48
66
87
10
74
1
2
89
35
59
24
78
66
36
80
68
50
92
20
85
89
14
11
25
46
10
63
49
23
27
43
6
23
76
43
42
79
47
91
94
38
33
9
70
40
66
41
9
94
46
57
98
6
59
99
55
6
18
96
78
14
16
17
4
81
12
34
53
67
12
74
62
85
48
82
87
78
20
85
61
86
12
1
84
8
91
61
66
77
56
90
62
42
29
68
45
96
75
100
41
26
34
27
60
68
86
23
88
18
34
6
22
51
67
90
38
71
74
34
49
54
64
58
28
81
23
70
89
56
4
94
54
73
89
72
58
38
73
37
39
60
95
23
7
19
98
72
1
43
24
27
71
45
85
87
42
40
64
43
98
26
24
91
3
71
98
69
28
72
9
45
4
10
85
63
45
63
77
72
52
39
11
25
67
77
96
67
64
57
16
31
85
54
51
31
91
54
71
39
37
62
85
74
62
45
76
13
66
52
63
27
47
25
2
94
8
12
10
57
4
5
100
32
23
49
23
96
45
47
41
25
91
42
7
15
16
70
9
12
92
98
28
95
50
70
98
76
76
69
14
32
92
58
54
49
7
7
83
43
66
84
60
18
45
95
88
69
91
82
9
48
67
40
44
51
36
58
80
17
36
45
69
6
53
23
77
35
78
97
94
5
12
63
64
32
48
96
23
27
41
51
42
5
96
96
60
87
22
28
97
92
60
1
7
10
51
22
77
88
72
1
68
68
93
34
6
11
7
26
36
18
93
1
54
36
34
5
19
18
87
54
67
37
25
72
49
100
41
53
85
69
24
14
17
97
82
62
30
85
47
75
68
86
86
32
37
4
53
9
24
91
6
28
80
97
89
24
64
17
55
21
91
46
15
61
18
29
5
4
89
55
86
50
58
24
14
27
53
48
37
28
25
96
32
93
13
97
55
18
66
22
43
39
8
95
46
84
86
12
62
63
56
77
74
18
48
55
75
26
85
89
85
98
30
23
22
25
29
25
70
25
58
7
65
14
62
65
54
36
60
62
24
1
25
14
57
11
61
90
7
93
89
27
1
35
21
22
97
56
46
100
18
75
64
26
41
15
89
79
43
9
5
43
90
90
66
23
71
14
75
38
31
82
32
83
22
100
14
10
43
55
50
9
8
75
69
70
93
43
60
52
92
29
66
30
77
49
27
17
26
27
50
47
9
35
33
68
57
40
47
77
19
89
91
82
14
26
69
97
55
84
9
61
74
45
53
19
33
9
81
73
72
40
72
23
85
47
65
4
25
5
8
53
92
35
13
78
50
81
45
68
16
88
20
9
20
81
71
56
15
90
63
67
53
48
48
27
35
14
19
9
83
93
79
66
48
73
98
30
85
46
72
98
47
100
25
6
49
82
42
31
17
56
31
81
55
31
13
38
33
17
10
15
79
89
32
37
25
69
25
28
18
27
23
10
16
52
34
28
40
66
45
39
36
53
27
6
37
75
45
64
20
7
35
40
25
38
19
96
76
88
77
26
60
31
23
55
81
43
17
18
97
54
4
36
70
77
81
32
87
63
73
44
70
30
32
59
21
36
81
99
84
55
2
21
64
72
18
99
84
86
28
9
7
63
70
82
41
59
3
66
21
1
93
18
65
98
72
91
27
94
72
67
32
79
50
62
5
13
47
97
100
68
100
25
97
88
9
81
11
89
50
75
41
97
98
97
21
44
91
22
20
14
68
52
96
23
34
68
90
50
82
55
55
12
82
98
28
10
61
11
100
73
67
44
19
57
93
61
65
8
56
8
82
72
13
87
79
87
22
26
64
95
74
72
74
99
18
69
74
74
41
50
84
29
97
2
97
10
20
8
5
54
71
9
47
39
68
21
86
64
97
95
99
37
20
78
45
68
60
90
66
88
26
70
77
29
31
47
40
99
44
68
81
62
27
25
34
12
3
71
36
9
11
76
25
8
4
14
91
94
86
80
42
72
35
70
79
97
4
14
71
78
20
99
75
24
87
25
81
45
93
58
76
57
94
27
79
77
87
66
39
52
89
88
27
97
79
44
93
35
75
72
10
76
14
66
57
84
2
20
93
73
48
1
80
38
37
8
51
11
10
92
83
87
15
52
33
1
39
41
10
56
61
4
22
93
70
29
34
68
47
9
90
70
74
8
68
53
16
61
82
49
62
17
70
75
39
16
91
32
92
56
5
64
39
69
1
59
12
47
64
71
21
79
97
97
39
6
97
14
7
12
73
48
74
59
8
18
74
22
24
27
24
74
20
1
40
55
25
76
83
89
23
57
61
37
51
30
1
28
3
75
12
37
94
96
79
54
90
74
5
85
10
62
55
93
98
9
80
9
71
12
71
80
1
1
50
89
37
95
3
79
8
45
67
41
64
33
78
59
35
67
39
93
58
99
81
85
22
94
14
69
53
49
56
39
43
84
76
14
27
87
19
88
65
96
21
11
26
67
53
65
10
30
16
7
59
44
79
36
62
82
50
99
20
22
40
45
67
13
97
12
72
53
51
66
9
77
12
99
3
34
11
39
69
11
5
33
54
29
44
8
40
3
32
44
39
25
7
11
12
78
27
29
90
14
61
4
19
38
96
64
98
73
95
74
83
10
63
53
11
42
97
100
81
46
61
78
66
21
82
92
63
99
16
66
5
61
74
45
71
89
91
96
78
16
55
49
99
49
97
14
54
90
69
32
50
80
37
11
23
10
1
25
70
54
16
29
97
37
27
53
80
96
36
67
42
84
84
67
10
34
44
76
25
35
22
95
22
61
36
44
59
91
51
5
93
31
52
26
49
64
92
13
6
85
35
58
55
36
8
37
22
86
48
29
53
74
49
3
100
10
70
9
43
94
55
89
80
43
56
82
90
95
55
15
19
84
2
30
95
45
79
61
35
76
13
41
89
6
84
5
6
13
9
24
2
45
55
16
78
96
72
74
43
93
1
48
4
23
72
34
64
81
48
30
50
96
50
81
7
15
71
79
5
53
43
1
95
63
3
17
91
59
10
32
89
50
69
67
45
28
58
77
23
31
64
39
1
46
82
89
73
55
86
59
44
38
7
93
99
53
54
85
91
72
32
57
79
20
22
57
68
2
42
94
9
7
88
8
17
31
39
22
73
19
85
29
10
28
76
31
44
4
80
41
58
34
82
73
80
15
17
61
88
79
80
5
58
14
80
85
90
58
55
48
16
78
17
62
28
20
63
84
34
94
12
74
33
85
41
56
60
77
30
73
83
3
22
47
94
97
93
58
28
2
19
39
87
61
89
79
32
70
8
27
60
58
94
64
60
8
43
98
56
35
92
46
69
67
76
80
4
46
43
5
14
12
7
88
72
37
59
41
55
75
79
65
8
53
63
28
97
8
29
16
62
67
25
39
72
16
57
37
7
50
100
49
48
66
61
49
44
19
97
42
98
40
40
97
54
26
35
63
94
80
55
96
45
63
46
76
32
1
25
59
61
77
90
87
35
76
89
94
45
100
34
25
31
47
70
82
67
21
56
73
70
57
7
83
3
23
88
5
46
86
13
78
71
10
18
6
90
65
42
27
2
68
31
4
75
91
2
8
39
75
44
99
84
66
97
22
40
92
37
98
62
41
49
45
22
2
43
15
81
8
32
13
61
1
15
64
38
7
79
47
89
29
84
56
17
65
10
64
60
63
35
36
62
57
12
58
100
19
79
88
53
42
13
50
86
68
25
44
16
44
12
70
48
46
50
60
73
26
13
88
13
4
31
2
87
10
19
89
91
95
36
80
41
58
69
51
17
45
8
41
98
75
42
29
38
22
21
89
73
13
46
70
94
82
79
78
52
89
9
80
17
18
31
94
26
9
87
50
3
91
93
36
22
12
27
69
54
44
59
59
46
66
69
74
60
84
79
31
33
63
17
22
21
95
52
75
29
71
46
40
92
36
13
25
97
29
54
95
27
46
28
43
95
21
24
83
34
79
36
88
67
47
35
59
96
88
11
91
29
62
51
58
87
12
84
27
33
1
35
62
67
54
1
7
95
31
52
4
46
6
77
47
94
7
17
22
79
88
51
88
11
32
80
88
29
69
1
56
99
57
1
3
29
33
69
64
87
32
77
32
71
100
60
67
88
93
42
47
27
6
40
68
64
97
52
100
12
67
13
36
26
48
17
56
57
84
95
68
100
42
100
19
17
25
39
23
71
19
88
23
18
76
93
88
30
19
11
15
27
34
25
44
97
93
65
25
65
42
27
89
65
30
65
39
22
81
4
74
8
99
89
81
43
63
99
77
54
96
54
98
98
77
11
87
34
14
73
92
31
44
94
86
4
17
62
71
99
22
28
57
43
16
21
26
97
96
88
43
65
64
91
73
29
98
92
100
70
92
87
86
73
68
83
33
70
72
73
3
19
85
42
34
21
73
95
20
96
97
37
1
32
69
55
63
84
83
86
33
94
54
65
37
86
34
16
99
51
80
99
26
68
59
50
26
17
55
38
67
3
67
82
58
77
48
76
87
73
8
10
29
97
52
62
3
45
64
28
46
54
81
87
23
49
75
30
92
75
88
27
94
77
31
91
64
38
34
47
85
71
48
20
92
23
86
12
28
80
81
69
85
78
70
72
7
73
42
22
39
24
36
40
27
92
48
62
87
19
92
15
6
43
97
33
13
30
8
23
85
46
56
49
17
40
80
55
32
15
3
52
42
50
54
70
33
9
36
8
67
70
9
60
40
81
95
97
72
42
12
27
68
65
100
97
64
46
62
29
80
94
25
71
45
66
58
41
91
35
24
50
29
12
15
37
25
69
31
86
65
100
70
96
49
42
94
83
82
81
33
92
30
38
2
38
60
58
88
88
14
6
35
18
70
39
88
19
17
81
61
40
5
70
68
52
75
31
73
53
41
68
49
80
4
93
21
31
17
60
86
92
97
64
42
78
82
7
84
13
99
56
4
59
5
99
84
48
99
69
20
58
76
22
55
80
71
88
73
98
10
14
9
51
83
58
8
41
36
52
34
58
79
18
1
80
43
43
91
80
34
84
97
75
84
65
10
9
3
66
91
9
38
43
69
5
61
8
80
63
11
50
3
31
23
3
55
3
60
94
59
36
15
44
65
100
66
52
38
99
48
73
59
94
62
55
46
55
54
69
15
27
87
46
37
69
79
59
66
4
48
58
63
61
31
100
b e d a b e d a e b e d b c e c c d a d a c e a d a a a e b e e e a a b a e d e b d a e e b e d c a e e d d c d a c c b d c d d d d c e e b e a a c e e e e b e e e e b a a b d c e e e c d e e b c c b 
77 83
43 84
49 68
6 26
39 56
8 77
25 58
5 38
12 16
28 29
25 41
24 54
3 79
29 98
62 72
18 91
62 87
3 74
36 45
2 10
8 21
20 50
81 95
11 14
67 71
35 65
19 97
2 49
12 73
23 48
2 3
7 19
56 82
11 20
8 9
28 64
25 36
45 80
1 7
38 47
40 55
28 86
1 11
30 32
43 66
76 81
31 51
2 42
11 28
50 78
30 37
20 70
10 46
89 90
20 24
46 75
28 57
11 53
16 92
9 34
8 52
60 93
77 96
25 59
7 35
16 18
37 62
4 76
1 2
3 39
5 13
2 4
